## htsjdk.samtools.metrics.StringHeader
# CollectMultipleMetrics --INPUT ERR5743893.ivar_trim.sorted.bam --OUTPUT ERR5743893.CollectMultipleMetrics --TMP_DIR tmp --VALIDATION_STRINGENCY LENIENT --REFERENCE_SEQUENCE nCoV-2019.reference.fasta --ASSUME_SORTED true --STOP_AFTER 0 --METRIC_ACCUMULATION_LEVEL ALL_READS --PROGRAM CollectAlignmentSummaryMetrics --PROGRAM CollectBaseDistributionByCycle --PROGRAM CollectInsertSizeMetrics --PROGRAM MeanQualityByCycle --PROGRAM QualityScoreDistribution --INCLUDE_UNPAIRED false --VERBOSITY INFO --QUIET false --COMPRESSION_LEVEL 5 --MAX_RECORDS_IN_RAM 500000 --CREATE_INDEX false --CREATE_MD5_FILE false --help false --version false --showHidden false --USE_JDK_DEFLATER false --USE_JDK_INFLATER false
## htsjdk.samtools.metrics.StringHeader
# Started on: Wed Oct 18 09:59:35 GMT 2023

## METRICS CLASS	picard.analysis.BaseDistributionByCycleMetrics
READ_END	CYCLE	PCT_A	PCT_C	PCT_G	PCT_T	PCT_N
1	1	24.952277	11.98979	24.318469	38.739463	0
1	2	4.522446	34.484053	54.155674	6.837827	0
1	3	32.466808	35.959719	13.033267	18.540205	0
1	4	27.401712	30.151427	19.414238	23.032623	0
1	5	30.31551	24.951204	18.715012	26.018274	0
1	6	35.66909	18.554147	16.151899	29.624863	0
1	7	25.285803	22.871759	17.430238	34.4122	0
1	8	34.970937	26.528752	22.740922	15.759389	0
1	9	34.579499	18.896253	27.023143	19.501105	0
1	10	24.202647	17.421659	24.812861	33.562834	0
1	11	14.180769	13.863329	26.848337	45.107565	0
1	12	25.10349	21.989147	12.405894	40.501469	0
1	13	19.646955	16.49615	19.820689	44.036205	0
1	14	27.910044	18.460846	18.330009	35.299101	0
1	15	29.350321	28.650023	20.587478	21.412179	0
1	16	24.298093	20.251807	23.876627	31.573472	0
1	17	24.83002	17.136392	19.900049	38.133539	0
1	18	36.157047	14.306244	23.325397	26.211312	0
1	19	22.924308	27.201167	25.652575	24.221951	0
1	20	23.143084	22.828861	23.712545	30.31551	0
1	21	22.377367	34.649207	20.28827	22.685155	0
1	22	27.840336	22.536087	20.058769	29.564807	0
1	23	26.614546	18.693563	17.134247	37.557643	0
1	24	27.743817	23.976364	17.199665	31.080154	0
1	25	25.838106	12.913154	21.396092	39.852648	0
1	26	24.509362	17.372327	16.411428	41.706883	0
1	27	28.420522	10.804753	20.211055	40.56367	0
1	28	20.072711	21.701735	16.939064	41.28649	0
1	29	26.654226	18.415803	13.433284	41.496686	0
1	30	35.357013	9.79345	17.463484	37.386054	0
1	31	22.565043	27.552925	14.896081	34.985951	0
1	32	37.064324	8.754263	17.938571	36.242842	0
1	33	30.845291	18.646376	10.705017	39.803316	0
1	34	27.785642	25.9239	17.102074	29.188383	0
1	35	39.162002	16.206593	20.391223	24.240182	0
1	36	31.664629	14.859619	15.739013	37.736739	0
1	37	18.713939	12.71261	12.112048	56.461403	0
1	38	29.302061	23.244965	23.166677	24.286296	0
1	39	24.94477	34.962358	9.659396	30.433477	0
1	40	27.915407	22.820282	10.537717	38.726594	0
1	41	19.868949	14.451022	28.872016	36.808013	0
1	42	34.621324	14.119641	29.5262	21.732836	0
1	43	29.361045	18.662463	19.550436	32.426056	0
1	44	31.161658	19.17723	21.052914	28.608198	0
1	45	35.754885	19.660897	10.833709	33.750509	0
1	46	45.008901	5.716063	20.068421	29.206615	0
1	47	30.477447	13.015035	25.147459	31.360058	0
1	48	43.064582	10.73719	21.38644	24.811788	0
1	49	22.281921	26.585591	12.944255	38.188233	0
1	50	29.748193	22.359136	14.341634	33.551037	0
1	51	28.148124	34.741437	13.89443	23.216009	0
1	52	24.809643	26.949145	13.102975	35.138236	0
1	53	29.294554	14.661219	26.569504	29.474723	0
1	54	34.411128	18.754692	20.929584	25.904596	0
1	55	20.110246	26.767904	22.785964	30.335886	0
1	56	31.531647	29.277395	8.941939	30.249019	0
1	57	24.359222	18.671042	21.860455	35.109281	0
1	58	32.447504	19.631941	19.88718	28.033374	0
1	59	41.288634	19.386354	12.373721	26.95129	0
1	60	29.790018	23.832658	19.642666	26.734659	0
1	61	24.561912	19.414238	23.379019	32.644832	0
1	62	29.220556	15.756172	20.930657	34.092615	0
1	63	20.785878	21.974133	32.109688	25.1303	0
1	64	30.316582	14.739506	13.742144	41.201767	0
1	65	17.550351	24.514724	25.197864	32.735989	0.001072
1	66	29.816829	16.267722	27.023143	26.892306	0
1	67	17.965382	10.297493	30.260815	41.47631	0
1	68	20.806254	27.936855	13.290651	37.96624	0
1	69	13.482616	17.180362	21.762864	47.574159	0
1	70	25.961435	30.161079	16.135813	27.741673	0
1	71	31.237801	22.156446	14.825301	31.780452	0
1	72	34.970937	26.931986	19.169723	18.927353	0
1	73	29.01036	12.295434	20.00622	38.687987	0
1	74	24.976943	13.403256	29.139052	32.48075	0
1	75	25.453103	15.434442	29.322437	29.790018	0
1	76	25.085258	20.572464	27.94329	26.398988	0
1	77	30.209339	21.220213	14.118568	34.45188	0
1	78	25.152822	33.504922	19.409948	21.932308	0
1	79	34.017545	20.800892	14.430646	30.750917	0
1	80	30.484954	26.137314	12.403749	30.973983	0
1	81	30.400232	17.696201	32.537589	19.365978	0
1	82	20.16923	20.474873	21.325312	38.030586	0
1	83	35.896446	9.099586	22.406323	32.597645	0
1	84	38.686257	18.556491	24.80562	17.951633	0
1	85	11.492305	25.263553	32.091801	31.152341	0
1	86	38.750603	11.105153	13.998606	36.145638	0
1	87	21.401684	34.428656	17.423991	26.74567	0
1	88	50.307255	16.879189	16.009438	16.804118	0
1	89	41.540029	19.952812	10.927127	27.580031	0
1	90	33.003378	13.299373	18.509303	35.187946	0
1	91	24.831358	13.985737	27.424527	33.758378	0
1	92	33.036624	16.791249	10.808086	39.364041	0
1	93	25.875918	19.658963	18.033139	36.43198	0
1	94	36.791249	21.521797	13.86884	27.818114	0
1	95	31.194166	12.090729	12.190466	44.524639	0
1	96	29.922248	24.609362	11.577028	33.891361	0
1	97	18.870717	21.699823	19.444474	39.984986	0
1	98	36.152072	17.00681	18.96402	27.877098	0
1	99	28.907716	31.570594	15.923642	23.598048	0
1	100	28.213845	12.219422	14.748244	44.818489	0
1	101	31.587753	14.546624	16.214274	37.651349	0
1	102	45.039412	24.276905	19.588182	11.095501	0
1	103	26.51295	11.644592	16.013727	45.828731	0
1	104	24.877473	26.282374	18.372031	30.468122	0
1	105	25.424692	16.478272	19.895114	38.200849	0.001072
1	106	38.337051	19.319206	12.53271	29.811033	0
1	107	37.28819	22.573034	19.573377	20.565398	0
1	108	34.391489	19.502595	18.226374	27.879542	0
1	109	39.695852	17.450989	13.833598	29.019562	0
1	110	32.45678	14.010553	22.160139	31.372528	0
1	111	17.312642	32.258376	19.606623	30.822359	0
1	112	33.18605	16.452533	16.811806	33.549612	0
1	113	14.770924	33.090601	17.619364	34.519111	0
1	114	40.229934	11.724079	12.47158	35.574407	0
1	115	29.925786	10.280554	21.72365	38.07001	0
1	116	13.134357	21.911329	26.152889	38.801424	0
1	117	20.75844	22.369268	25.868689	31.003603	0
1	118	28.585217	19.955171	20.520355	30.939256	0
1	119	27.250303	6.148451	22.846755	43.754491	0
1	120	14.726038	22.323392	35.27128	27.67929	0
1	121	22.029536	18.862542	28.933003	30.174919	0
1	122	27.043317	21.395708	15.955085	35.60589	0
1	123	18.383149	22.232232	27.085143	32.299476	0
1	124	29.92718	11.219073	22.170029	36.683719	0
1	125	29.690164	18.143989	18.885064	33.280782	0
1	126	24.216555	30.508784	14.278973	30.995689	0
1	127	30.152721	14.55889	14.41196	40.876429	0
1	128	37.914245	18.329723	20.806075	22.949958	0
1	129	51.360975	13.846764	15.723601	19.06866	0
1	130	32.348083	12.054653	18.349027	37.248236	0
1	131	32.812466	17.789194	9.180412	40.217928	0
1	132	39.135797	26.082667	14.584629	20.196907	0
1	133	22.943523	17.1382	22.631432	37.286845	0
1	134	24.204758	29.834195	12.578023	33.383025	0
1	135	21.223268	21.077411	18.063748	39.635572	0
1	136	25.115291	5.973703	21.87319	47.037816	0
1	137	17.507132	21.888205	19.484782	41.117737	0.002145
1	138	22.809464	10.085584	22.285022	44.819931	0
1	139	28.513974	20.549752	11.730765	39.205508	0
1	140	27.734283	21.408807	16.692049	34.164861	0
1	141	30.821947	12.158684	24.853607	32.165762	0
1	142	27.576629	16.864718	21.17179	34.386864	0
1	143	31.986658	12.09219	16.443234	39.477918	0
1	144	48.044926	16.22416	23.656122	12.074792	0
1	145	33.625119	17.978095	16.279943	32.116843	0
1	146	27.498686	19.078729	14.476662	38.945923	0
1	147	33.545736	14.837104	17.184265	34.432895	0
1	148	20.602023	28.620775	12.400905	38.376297	0
1	149	18.11326	19.01651	27.093189	35.777041	0
1	150	27.911218	18.631795	14.263493	39.193495	0
1	151	19.315354	22.179669	14.83329	43.671687	0
1	152	24.139078	21.837921	26.532495	27.490506	0
1	153	33.186353	13.587598	13.710975	39.515073	0
1	154	24.815459	13.744045	19.604309	41.836187	0
1	155	32.661688	9.451311	18.449852	39.437149	0
1	156	28.164027	25.318656	20.386464	26.130853	0
1	157	21.634497	19.294443	19.6013	39.46976	0
1	158	31.333218	23.398217	20.93485	24.333715	0
1	159	33.96996	27.033968	9.91303	29.083042	0
1	160	38.463033	6.366265	20.019207	35.151496	0
1	161	16.144417	18.7384	34.490051	30.624973	0.002158
1	162	21.420864	29.057145	19.531486	29.990505	0
1	163	31.041478	23.351245	19.864906	25.742371	0
1	164	30.779274	13.505115	12.983944	42.731667	0
1	165	23.888601	11.685873	31.271311	33.154215	0
1	166	30.586128	14.749234	31.89391	22.770728	0
1	167	30.36169	24.210151	13.958306	31.469852	0
1	168	32.074108	12.55557	27.40947	27.960853	0
1	169	30.798697	18.175148	22.167551	28.858604	0
1	170	23.370668	14.765419	27.008071	34.855842	0
1	171	28.789546	8.172558	25.276231	37.761664	0
1	172	32.769002	12.470327	25.308602	29.45207	0
1	173	20.495058	32.590962	16.361302	30.552678	0
1	174	19.252018	19.38258	14.214036	47.151366	0
1	175	30.838621	15.593034	22.519315	31.049031	0
1	176	19.243386	18.707109	27.900427	34.149079	0
1	177	36.026286	10.614628	16.065995	37.293092	0
1	178	36.154693	16.314177	16.296912	31.234219	0
1	179	37.506744	19.993742	14.111833	28.387682	0
1	180	30.940717	24.653085	27.461856	16.944343	0
1	181	41.756048	9.972592	14.028746	34.242614	0
1	182	24.456698	16.798671	18.123746	40.618728	0.002158
1	183	44.890692	11.291193	23.216868	20.601247	0
1	184	37.826143	27.344239	16.359497	18.470121	0
1	185	42.867471	12.815892	16.211667	28.10497	0
1	186	23.625828	24.438354	32.667199	19.264303	0.004316
1	187	33.09774	13.803224	17.64141	35.457626	0
1	188	26.495026	26.492867	9.262576	37.749531	0
1	189	29.730021	19.06252	17.836718	33.37074	0
1	190	24.559473	22.118632	16.887335	36.43456	0
1	191	40.046184	12.466414	12.175067	35.312335	0
1	192	24.085764	24.313446	18.32141	33.27938	0
1	193	38.076894	15.039979	10.92767	35.955456	0
1	194	18.922448	13.431096	30.581723	37.064733	0
1	195	24.998651	17.437657	23.385452	34.17824	0
1	196	23.048784	24.037206	14.651517	38.262493	0
1	197	39.087976	14.921282	10.737755	35.252986	0
1	198	38.766415	15.525558	25.211227	20.496801	0
1	199	28.882199	23.5376	21.410767	26.169434	0
1	200	30.021689	26.806082	12.796607	30.375622	0
1	201	23.757729	25.231729	12.832217	38.178326	0
1	202	42.403936	13.005946	22.265385	22.324733	0
1	203	31.620805	26.077479	13.413187	28.886371	0.002158
1	204	38.612451	13.872252	24.579408	22.935889	0
1	205	30.496293	19.942374	27.404578	22.156755	0
1	206	39.116406	10.256078	21.619347	29.008169	0
1	207	29.207809	16.573322	28.473998	25.744871	0
1	208	18.933998	37.3446	14.670206	29.051196	0
1	209	30.649323	17.333621	17.741674	34.275382	0
1	210	18.623556	26.760229	18.346108	36.270107	0
1	211	34.097362	22.157563	13.805426	29.938568	0.00108
1	212	48.959492	20.693528	11.2701	19.07688	0
1	213	30.870772	16.215311	25.466389	27.447528	0
1	214	33.470645	24.441561	11.683425	30.404368	0
1	215	25.978617	18.451129	30.647785	24.92247	0
1	216	33.137172	27.021284	12.46826	27.373285	0
1	217	31.000551	16.910193	16.561983	35.527273	0
1	218	25.226542	26.708553	23.245692	24.819213	0
1	219	27.069938	16.685622	11.948382	44.296058	0
1	220	19.253228	24.386404	37.263403	19.096965	0
1	221	0	31.773159	22.745702	45.481139	0
2	222	28.720803	16.116509	16.2141	38.948588	0
2	223	20.593913	37.209103	23.866976	18.330009	0
2	224	38.853141	25.017695	23.29108	12.838084	0
2	225	19.001351	31.075864	16.811445	33.11134	0
2	226	14.310533	29.082213	24.491131	32.116123	0
2	227	22.578985	13.776462	25.758746	37.883663	0.002145
2	228	39.621003	17.895674	20.68507	21.798254	0
2	229	18.796517	30.095661	25.990391	25.117431	0
2	230	28.591039	18.710722	28.631791	24.066448	0
2	231	38.930356	19.548292	15.171696	26.348583	0.001072
2	232	39.167364	13.914806	12.875619	34.042211	0
2	233	21.026103	19.182592	28.9621	30.829204	0
2	234	19.675911	13.923385	32.417476	33.983227	0
2	235	27.263368	13.408618	29.379276	29.948738	0
2	236	28.254295	20.864166	22.407395	28.474144	0
2	237	20.924222	24.113635	26.922334	28.039809	0
2	238	32.261974	21.329601	16.84898	29.559445	0
2	239	35.318405	17.899964	23.148446	23.633185	0
2	240	30.806683	12.338331	19.112884	37.742102	0
2	241	16.774982	26.484782	25.501362	31.238874	0
2	242	26.151256	20.025524	16.378182	37.445038	0
2	243	23.655706	23.580636	20.554233	32.209425	0
2	244	28.809815	19.745619	17.532119	33.912447	0
2	245	28.874161	17.76591	29.91871	23.44122	0
2	246	35.0074	16.160479	13.832229	34.999893	0
2	247	25.464899	25.678313	16.273084	32.583703	0
2	248	30.687643	13.055788	12.091671	44.164897	0
2	249	38.845634	20.956395	16.440384	23.757587	0
2	250	40.412457	13.895502	16.613045	29.078995	0
2	251	37.563005	22.922163	13.513716	26.001115	0
2	252	30.578255	20.813761	10.647106	37.960878	0
2	253	25.294383	23.536666	22.584347	28.584604	0
2	254	22.542522	12.383373	32.83358	32.240525	0
2	255	19.818544	24.224095	18.617421	37.33994	0
2	256	27.544345	15.06767	16.509019	40.878965	0
2	257	30.323017	25.44774	27.344873	16.88437	0
2	258	31.928447	8.177294	31.321451	28.572807	0
2	259	31.690367	12.219291	9.375201	46.715141	0
2	260	36.197799	16.810373	16.305257	30.686571	0
2	261	24.278789	21.214851	29.83935	24.66701	0
2	262	16.863994	15.047294	17.098857	50.989855	0
2	263	30.087081	15.907385	20.674345	33.331188	0
2	264	18.808313	24.465393	18.831907	37.894387	0
2	265	19.017438	18.250649	27.013491	35.718422	0
2	266	25.394119	9.04382	13.996311	51.565751	0
2	267	26.844047	21.78324	20.520987	30.851726	0
2	268	47.017566	9.12318	17.225404	26.63385	0
2	269	34.697467	17.129957	15.344358	32.828218	0
2	270	36.075542	17.803445	15.236042	30.884971	0
2	271	35.898591	18.0308	11.747421	34.323188	0
2	272	30.002359	21.020741	16.860777	32.116123	0
2	273	21.069	24.653068	21.058276	33.219656	0
2	274	23.79405	13.603801	26.797932	35.804217	0
2	275	37.121163	13.512644	11.921155	37.445038	0
2	276	21.992364	20.558523	23.751153	33.69796	0
2	277	22.909294	26.541621	23.652489	26.896596	0
2	278	37.315274	11.210132	21.967698	29.506896	0
2	279	26.91161	11.25303	25.737297	36.098063	0
2	280	44.645347	8.72209	16.261287	30.371276	0
2	281	26.715355	23.096969	15.668232	34.519443	0
2	282	33.895288	19.38421	15.399052	31.321451	0
2	283	22.074942	14.904661	19.982627	43.037771	0
2	284	28.512751	31.191687	14.812432	25.483131	0
2	285	23.753298	17.190014	20.28398	38.772709	0
2	286	24.851468	20.261459	26.136242	28.750831	0
2	287	24.387105	25.745876	29.103661	20.763357	0
2	288	25.264355	27.839264	19.013148	27.883234	0
2	289	23.394033	22.648693	25.649358	28.307917	0
2	290	35.853549	7.953156	24.813933	31.379362	0
2	291	27.523969	18.236707	20.337602	33.901722	0
2	292	31.720396	24.495421	9.380563	34.403621	0
2	293	24.009609	16.480063	15.981383	43.528945	0
2	294	23.844454	10.207408	30.552517	35.39562	0
2	295	19.167578	34.458315	10.140918	36.23319	0
2	296	29.992707	17.383051	23.444437	29.179804	0
2	297	37.389271	17.625421	17.05167	27.933638	0
2	298	26.178347	16.885624	24.502118	32.433911	0
2	299	46.985897	16.147783	19.875597	16.988578	0.002145
2	300	41.109979	12.204408	17.881924	28.803689	0
2	301	35.334177	11.143881	21.473768	32.048175	0
2	302	27.313578	17.650655	30.672544	24.363223	0
2	303	24.774509	23.216182	23.363113	28.646196	0
2	304	34.786199	14.413187	10.638024	40.162589	0
2	305	43.391714	18.573773	13.357072	24.677442	0
2	306	35.300679	15.029119	17.917395	31.752807	0
2	307	32.703033	34.893174	14.821528	17.582264	0
2	308	23.782299	22.109	26.520718	27.587982	0
2	309	22.577739	21.889112	8.267814	47.265336	0
2	310	22.017827	11.033048	33.385535	33.563591	0
2	311	39.304294	15.543447	27.961257	17.191003	0
2	312	20.04741	22.130453	26.312628	31.509509	0
2	313	27.360585	25.781677	14.845166	32.012571	0
2	314	32.908215	15.236675	25.666906	26.188203	0
2	315	19.43494	19.979835	24.898905	35.686321	0
2	316	32.940394	14.607043	25.165989	27.286574	0
2	317	23.738322	28.653102	15.909213	31.699364	0
2	318	20.060282	16.084051	34.172843	29.682824	0
2	319	31.630716	14.204808	14.998552	39.165925	0
2	320	35.625181	12.316983	28.050285	24.007551	0
2	321	30.315674	12.350234	26.038035	31.296056	0
2	322	40.084094	7.861288	20.185779	31.868839	0
2	323	34.746699	18.788145	6.034603	40.430553	0
2	324	17.078377	30.034646	21.693894	31.18343	0.009654
2	325	23.267438	17.829216	24.595351	34.307994	0
2	326	23.489724	18.627451	24.753293	33.129532	0
2	327	33.138113	25.789462	17.486163	23.586262	0
2	328	39.265028	12.871669	26.952203	20.9111	0
2	329	26.865319	19.363281	28.265113	25.506286	0
2	330	48.643112	8.872871	16.297679	26.186339	0
2	331	39.036556	22.213284	13.413352	25.336809	0
2	332	27.819968	28.966619	20.686918	22.526494	0
2	333	40.311923	13.409062	13.077616	33.201399	0
2	334	29.154331	36.727164	14.948299	19.170206	0
2	335	30.625992	11.226241	24.942077	33.205689	0
2	336	36.255202	16.86725	13.037929	33.838546	0.001073
2	337	32.25104	26.625048	10.862616	30.261295	0
2	338	31.821985	28.983782	6.784442	32.409791	0
2	339	29.553353	15.872914	21.328356	33.245377	0
2	340	40.69851	14.242655	29.921589	15.137246	0
2	341	15.978204	24.698853	23.077006	36.245937	0
2	342	21.331803	21.470175	24.314844	32.883178	0
2	343	23.703434	18.581527	24.454289	33.260751	0
2	344	37.735849	14.893754	13.844702	33.525695	0
2	345	24.40602	25.981743	22.54068	27.071557	0
2	346	26.080427	30.410718	12.146696	31.362159	0
2	347	20.875078	10.433785	37.63006	31.061077	0
2	348	38.916182	5.585352	11.670564	43.827902	0
2	349	23.372235	28.093021	17.015639	31.519104	0
2	350	26.221226	15.285435	32.456611	26.036728	0
2	351	24.836419	25.049879	14.620385	35.493317	0
2	352	34.150344	11.611568	21.542274	32.695814	0
2	353	16.406367	20.740995	22.531268	40.32137	0
2	354	31.67464	14.882114	19.532105	33.911141	0
2	355	24.027632	26.303821	20.075944	29.592603	0
2	356	34.427091	14.898204	17.037093	33.637612	0
2	357	25.222577	10.423058	40.518739	23.835625	0
2	358	23.477356	11.797138	31.506232	33.219274	0
2	359	31.240212	19.859267	18.037886	30.862635	0
2	360	15.536605	19.819791	23.552695	41.090909	0
2	361	26.934835	13.964065	26.57978	32.521319	0
2	362	24.422633	35.917404	11.871279	27.788683	0
2	363	23.007777	18.383481	22.132475	36.476267	0
2	364	32.534191	25.260392	7.094663	35.110754	0
2	365	24.902899	9.830261	27.873865	37.390829	0.002146
2	366	26.179696	18.288234	14.419218	41.112852	0
2	367	23.115384	24.907191	20.48132	31.496105	0
2	368	34.014292	20.812858	25.650737	19.522113	0
2	369	28.472565	11.348469	22.508101	37.661209	0.009656
2	370	22.929765	13.388125	22.607884	41.074226	0
2	371	30.178435	16.725501	20.226612	32.869451	0
2	372	20.995987	20.916583	33.941026	24.146404	0
2	373	18.581317	24.392338	26.846595	30.17975	0
2	374	21.806981	21.590177	19.352381	37.250462	0
2	375	25.77044	16.163416	25.692081	32.374062	0
2	376	40.637177	16.559505	13.087021	29.716298	0
2	377	44.453151	11.338436	9.729393	34.47902	0
2	378	24.686561	37.559038	19.170245	18.582009	0.002147
2	379	32.270667	28.018562	13.710339	26.000432	0
2	380	10.988679	21.581282	30.138465	37.291574	0
2	381	23.92644	12.901067	22.57417	40.598323	0
2	382	34.029074	16.779806	17.900042	31.289999	0.001079
2	383	47.598183	14.308378	6.45593	31.63751	0
2	384	15.326088	19.573922	20.280815	44.819176	0
2	385	24.411276	33.444495	16.186406	25.957823	0
2	386	26.588098	23.6979	19.044227	30.669775	0
2	387	31.836431	23.945045	21.23508	22.983444	0
2	388	24.37782	18.260701	21.543742	35.816659	0.001079
2	389	34.324444	24.079131	10.340287	31.256138	0
2	390	38.729939	20.297441	24.325199	16.64742	0
2	391	28.112285	18.02778	16.340913	37.519022	0
2	392	38.956582	18.586831	14.497556	27.959032	0
2	393	34.253583	21.510749	18.073303	26.159126	0.003238
2	394	24.886678	27.649586	15.924495	31.539242	0
2	395	29.179978	24.867251	19.118028	26.834744	0
2	396	47.627219	16.95861	11.431655	23.982516	0
2	397	22.65609	39.13982	10.202364	28.001727	0
2	398	36.893571	11.631572	30.736188	20.73867	0
2	399	35.884429	7.21941	24.695369	32.200792	0
2	400	35.521786	16.590936	23.001954	24.885325	0
2	401	42.640821	18.624329	17.392853	21.340917	0.001079
2	402	27.573069	33.811467	14.600872	24.014592	0
2	403	41.340342	19.024696	12.757966	26.876997	0
2	404	36.355296	13.398601	15.575752	34.670351	0
2	405	33.310305	31.334873	17.790755	17.564067	0
2	406	24.30183	15.506018	23.375614	36.816538	0
2	407	32.736322	21.20849	16.252105	29.803083	0
2	408	25.049665	22.544807	24.141654	28.263874	0
2	409	34.621241	15.825279	11.151666	38.395335	0.006479
2	410	35.037537	16.133945	27.413449	21.415069	0
2	411	26.282287	19.577434	26.222847	27.917432	0
2	412	33.715497	13.275504	15.317556	37.691442	0
2	413	37.492555	28.248276	10.597841	23.661328	0
2	414	38.056364	17.75913	22.14599	22.038517	0
2	415	31.468341	16.871042	19.284305	32.376312	0
2	416	19.522193	21.467269	26.665128	32.34541	0
2	417	40.607799	13.875082	10.469137	35.047981	0
2	418	38.055011	17.818927	18.606249	25.519813	0
2	419	30.427912	11.059321	27.119665	31.393102	0
2	420	23.078003	31.47394	16.940485	28.507571	0
2	421	35.778076	9.165938	37.257486	17.7985	0
2	422	34.474511	34.015779	31.50971	0	0


