## htsjdk.samtools.metrics.StringHeader
# CollectMultipleMetrics --INPUT ERR5556343.ivar_trim.sorted.bam --OUTPUT ERR5556343.CollectMultipleMetrics --TMP_DIR tmp --VALIDATION_STRINGENCY LENIENT --REFERENCE_SEQUENCE nCoV-2019.reference.fasta --ASSUME_SORTED true --STOP_AFTER 0 --METRIC_ACCUMULATION_LEVEL ALL_READS --PROGRAM CollectAlignmentSummaryMetrics --PROGRAM CollectBaseDistributionByCycle --PROGRAM CollectInsertSizeMetrics --PROGRAM MeanQualityByCycle --PROGRAM QualityScoreDistribution --INCLUDE_UNPAIRED false --VERBOSITY INFO --QUIET false --COMPRESSION_LEVEL 5 --MAX_RECORDS_IN_RAM 500000 --CREATE_INDEX false --CREATE_MD5_FILE false --help false --version false --showHidden false --USE_JDK_DEFLATER false --USE_JDK_INFLATER false
## htsjdk.samtools.metrics.StringHeader
# Started on: Wed Oct 18 09:59:33 GMT 2023

## METRICS CLASS	picard.analysis.BaseDistributionByCycleMetrics
READ_END	CYCLE	PCT_A	PCT_C	PCT_G	PCT_T	PCT_N
1	1	30.327032	12.48792	27.297979	29.887069	0
1	2	4.688208	44.918799	42.888617	7.504376	0
1	3	39.241182	32.14906	11.545142	17.064616	0
1	4	22.161698	35.595775	19.780762	22.461765	0
1	5	34.908459	19.45231	19.075875	26.55457	0.008786
1	6	25.934837	21.878527	19.571256	32.612677	0.002703
1	7	31.050167	25.071131	21.543317	22.335386	0
1	8	43.632026	19.182656	20.737056	16.448262	0
1	9	30.823765	18.96977	27.161462	23.045003	0
1	10	29.522123	18.177026	25.939568	26.361283	0
1	11	16.559773	12.407496	27.135104	43.897626	0
1	12	21.120926	20.745842	12.164875	45.968358	0
1	13	20.652578	19.096826	14.598525	45.652071	0
1	14	31.951719	22.276589	14.167348	31.604344	0
1	15	31.911845	25.76588	21.652125	20.670149	0
1	16	25.9051	23.761379	24.042523	26.290321	0.000676
1	17	28.761143	25.075186	18.2784	27.885272	0
1	18	35.353829	13.194834	23.202471	28.248866	0
1	19	25.605034	22.885508	27.300682	24.2081	0.000676
1	20	24.521008	23.670818	23.223421	28.584076	0.000676
1	21	28.608406	24.614948	20.346429	26.430218	0
1	22	29.880987	22.063703	25.361736	22.693574	0
1	23	27.645353	13.31851	18.69133	40.344807	0
1	24	25.423236	22.651672	18.131746	33.793346	0
1	25	30.272966	13.548291	17.825596	38.353146	0
1	26	26.213277	14.168024	17.782343	41.836355	0
1	27	30.673731	10.675353	22.753722	35.897193	0
1	28	18.899484	27.085769	14.120716	39.89403	0
1	29	23.675549	21.898802	18.023613	36.402036	0
1	30	31.298195	6.468334	11.263998	50.969473	0
1	31	23.745159	20.001081	15.625781	40.627978	0
1	32	32.484946	8.708699	16.7044	42.101955	0
1	33	24.347997	23.482939	11.929687	40.239378	0
1	34	31.490805	23.440362	21.841357	23.227476	0
1	35	35.804605	15.816364	22.060324	26.318706	0
1	36	24.659552	14.255881	19.658437	41.426129	0
1	37	17.048396	4.953131	14.703278	63.295194	0
1	38	30.379071	27.908926	24.95624	16.755763	0
1	39	27.794035	33.602087	9.996148	28.60773	0
1	40	24.563585	25.703028	10.204302	39.529084	0
1	41	18.693357	19.040056	19.50097	42.765617	0
1	42	31.206282	13.550319	28.833456	26.409943	0
1	43	32.034846	22.998371	13.446241	31.520542	0
1	44	32.616056	19.600992	19.643569	28.139382	0
1	45	26.755966	24.164172	12.147303	36.932559	0
1	46	45.517582	4.80445	17.891827	31.786142	0
1	47	24.623734	14.446464	26.587685	34.342117	0
1	48	40.346158	10.759832	21.350707	27.543304	0
1	49	21.383146	34.815871	11.797901	32.003082	0
1	50	35.592396	12.539958	14.038941	37.828705	0
1	51	26.916813	34.699629	14.391047	23.992512	0
1	52	27.378402	26.302486	15.216906	31.102205	0
1	53	33.295262	9.480492	23.807335	33.416911	0
1	54	33.960275	19.71791	22.936871	23.384944	0
1	55	24.679151	31.625971	20.637034	23.057168	0.000676
1	56	37.756392	20.421445	9.359519	32.462644	0
1	57	30.305406	16.044794	22.311732	31.338069	0
1	58	31.0772	22.10966	19.903762	26.909378	0
1	59	43.512405	23.638379	10.553029	22.296188	0
1	60	31.094771	22.836173	19.999054	26.069326	0.000676
1	61	28.396872	20.928991	27.017511	23.656626	0
1	62	33.754824	17.513364	21.380443	27.351369	0
1	63	20.591078	24.446667	29.714058	25.248197	0
1	64	34.730041	14.718147	15.237181	35.314631	0
1	65	21.100651	23.361966	18.362878	37.174505	0
1	66	30.022911	15.278407	24.626437	30.072246	0
1	67	24.191881	13.156988	25.072482	37.578649	0
1	68	23.903979	23.858022	16.579372	35.658627	0
1	69	13.294856	20.410632	24.556151	41.738361	0
1	70	25.320511	29.105138	18.404779	27.169572	0
1	71	26.477525	20.487676	14.115309	38.919489	0
1	72	36.281063	28.644901	15.302736	19.7713	0
1	73	31.342799	13.013713	24.872438	30.77105	0
1	74	24.298661	14.414025	23.388323	37.898991	0
1	75	21.70957	16.883494	33.445971	27.960964	0
1	76	23.247908	23.971047	26.360786	26.420259	0
1	77	31.879621	22.296338	14.497925	31.326115	0
1	78	23.989295	32.438533	20.918995	22.653177	0
1	79	41.237852	17.067434	13.972805	27.721909	0
1	80	26.581106	24.621197	9.03586	39.761837	0
1	81	30.160983	21.873268	24.605653	23.360096	0
1	82	18.369085	20.846681	29.014774	31.769461	0
1	83	40.933728	7.997107	20.72368	30.345485	0
1	84	27.267751	18.744171	32.056689	21.93139	0
1	85	13.290215	19.392293	35.656164	31.661328	0
1	86	34.179474	12.258221	10.989687	42.572618	0
1	87	19.574091	30.720571	17.859508	31.845829	0
1	88	46.134247	16.989714	19.17873	17.697309	0
1	89	35.928524	21.830691	11.184326	31.056459	0
1	90	36.169796	11.168106	19.598421	33.063677	0
1	91	32.587216	12.569104	25.644405	29.199276	0
1	92	28.782964	22.845113	8.960842	39.411081	0
1	93	28.945839	13.201681	20.266818	37.585662	0
1	94	31.557925	21.684036	15.930687	30.827352	0
1	95	30.092048	11.993972	14.401281	43.512699	0
1	96	34.04251	23.134525	14.648059	28.174906	0
1	97	20.288582	17.655527	21.708512	40.347379	0
1	98	39.144392	18.996384	16.385632	25.473592	0
1	99	36.338323	23.977968	15.242794	24.440915	0
1	100	35.950394	14.292569	17.214206	32.542831	0
1	101	32.280607	15.427973	15.909168	36.382253	0
1	102	43.223735	21.430744	21.713919	13.631602	0
1	103	30.157808	12.125841	13.791099	43.925253	0
1	104	31.55138	21.175278	20.53391	26.739432	0
1	105	31.273612	14.870409	19.602609	34.253371	0
1	106	34.388538	21.599703	13.173386	30.838374	0
1	107	32.213023	27.069915	15.85848	24.858581	0
1	108	32.8821	20.422397	18.53614	28.159362	0
1	109	41.421282	16.164634	8.567567	33.846518	0
1	110	29.328557	13.426148	21.039435	36.205859	0
1	111	19.963505	33.794478	20.350083	25.891934	0
1	112	31.508127	17.519008	20.798838	30.174028	0
1	113	14.76633	29.080526	15.865238	40.287906	0
1	114	39.616125	15.234008	9.477917	35.671949	0
1	115	27.964046	12.496198	25.541851	33.997905	0
1	116	12.140033	21.231372	23.527861	43.100733	0
1	117	22.290407	22.550603	27.442301	27.71669	0
1	118	28.736526	16.108539	27.278748	27.876187	0
1	119	24.738959	8.135708	25.705403	41.41993	0
1	120	11.143852	19.879025	40.423749	28.553374	0
1	121	26.159565	21.259082	21.264488	31.316865	0
1	122	28.491197	19.614098	16.99929	34.895414	0
1	123	18.614537	13.778934	30.720779	36.88575	0
1	124	35.382016	9.808401	20.565674	34.242557	0.001352
1	125	33.067503	20.938201	18.041551	27.952745	0
1	126	26.459507	34.252339	13.255457	26.032697	0
1	127	33.989688	15.524475	9.571272	40.914566	0
1	128	38.073295	17.285805	21.52775	23.11112	0.00203
1	129	47.069411	14.826844	15.835735	22.268009	0
1	130	28.767272	13.59601	22.550174	35.086544	0
1	131	30.117873	18.026741	7.588676	44.26671	0
1	132	34.2502	26.568146	15.824909	23.356746	0
1	133	23.310056	14.074405	26.647991	35.967548	0
1	134	27.85533	32.523598	13.53385	26.087221	0
1	135	22.326812	23.54625	13.531565	40.595373	0
1	136	35.465207	4.065695	17.205443	43.263654	0
1	137	17.975665	26.10102	19.988902	35.934412	0
1	138	26.749317	11.180738	19.473243	42.596703	0
1	139	28.273286	22.188236	13.014644	36.523834	0
1	140	29.022413	20.452454	13.350973	37.17416	0
1	141	21.09872	18.294399	25.079176	35.527705	0
1	142	31.846358	8.813578	23.157296	36.182768	0
1	143	36.83865	11.040429	14.864042	37.256879	0
1	144	42.835774	17.975878	22.872052	16.316295	0
1	145	37.166662	11.331456	23.125186	28.376695	0
1	146	35.178818	14.418469	14.888188	35.514525	0
1	147	36.428243	14.197146	21.288275	28.086336	0
1	148	20.232423	31.772342	16.539649	31.455587	0
1	149	23.19896	13.615751	26.218291	36.966998	0
1	150	26.567534	18.173512	16.90852	38.350435	0
1	151	20.744526	22.399404	9.786456	47.069613	0
1	152	23.323925	26.434774	27.064931	23.176369	0
1	153	37.020139	18.334067	12.863767	31.782027	0
1	154	28.058845	16.463906	23.719967	31.757283	0
1	155	33.912396	9.332476	16.338095	40.417033	0
1	156	30.828182	28.942041	14.154859	26.074918	0
1	157	23.794887	14.206792	24.839544	37.158777	0
1	158	35.51832	24.389228	19.604108	20.488344	0
1	159	40.231478	27.897576	8.830318	23.040628	0
1	160	42.250597	6.598156	19.22226	31.928303	0.000683
1	161	18.131786	17.246842	32.921133	31.700239	0
1	162	24.12086	27.06999	15.129396	33.679754	0
1	163	23.004595	27.554302	27.535866	21.905237	0
1	164	34.528061	12.323744	10.169411	42.978784	0
1	165	19.423827	11.603357	31.332409	37.640407	0
1	166	29.402727	8.539492	37.692985	24.364796	0
1	167	27.584347	21.924356	12.352423	38.138874	0
1	168	30.708984	12.360617	24.039768	32.890631	0
1	169	37.246413	17.503704	21.027798	24.222084	0
1	170	26.180445	15.240801	23.302993	35.275762	0
1	171	27.908009	7.951574	24.928815	39.211603	0
1	172	35.339265	14.062233	22.220022	28.37848	0
1	173	22.645426	26.96297	13.462024	36.92958	0
1	174	21.533776	16.682941	19.483233	42.30005	0
1	175	37.923782	14.241135	20.305362	27.52972	0
1	176	24.911061	18.738947	29.878661	26.471331	0
1	177	25.820593	11.051629	17.498925	45.623391	0.005463
1	178	36.682395	17.853314	10.008945	35.455346	0
1	179	33.37749	19.438166	12.786021	34.398323	0
1	180	31.822682	14.675416	35.147389	18.354512	0
1	181	30.756782	10.04377	14.923284	44.270019	0.006145
1	182	23.697669	24.071178	18.733484	33.497668	0
1	183	41.543472	14.482175	20.166065	23.808288	0
1	184	34.302727	28.408524	18.779917	18.508832	0
1	185	36.569045	16.76966	19.497573	27.163723	0
1	186	22.451502	21.849927	33.003298	22.695273	0
1	187	29.193781	15.022977	18.532732	37.25051	0
1	188	19.036661	27.431392	10.835171	42.696775	0
1	189	26.416705	23.850624	13.360282	36.372389	0
1	190	23.505111	23.425903	18.912386	34.156601	0
1	191	42.350579	12.975848	12.010324	32.663248	0
1	192	28.017945	24.603787	19.331644	28.04321	0.003414
1	193	43.960696	16.204959	15.876517	23.957828	0
1	194	28.271468	14.8353	20.452311	36.440921	0
1	195	28.130121	18.067847	25.635721	28.166312	0
1	196	29.762783	23.570141	8.470583	38.196493	0
1	197	39.576775	14.409991	8.390749	37.622485	0
1	198	32.486155	15.71968	24.100186	27.693978	0
1	199	31.181496	22.787213	20.894197	25.137093	0
1	200	29.203999	25.715008	11.597192	33.483801	0
1	201	16.446542	27.539745	12.991696	43.022017	0
1	202	37.399185	11.469566	24.630031	26.501219	0
1	203	33.149401	23.939603	16.366753	26.542194	0.002049
1	204	41.654716	13.747866	17.194564	27.402855	0
1	205	33.626306	15.524824	26.35184	24.497029	0
1	206	35.795505	11.222504	24.664513	28.317478	0
1	207	32.325964	13.679049	23.247348	30.747639	0
1	208	22.914319	32.543797	7.584605	36.957279	0
1	209	21.343901	19.201312	21.533153	37.920951	0.000683
1	210	22.153819	12.937808	21.262145	43.646228	0
1	211	30.589232	22.119787	20.714706	26.576275	0
1	212	41.347344	25.333452	13.315513	20.003692	0
1	213	26.924892	12.889612	27.022017	33.163478	0
1	214	32.122021	23.672966	12.919748	31.285264	0
1	215	30.085993	24.252201	24.069895	21.59191	0
1	216	39.077882	25.026035	6.907205	28.988878	0
1	217	29.251447	20.233545	13.252487	37.26252	0
1	218	31.290519	20.513336	20.644003	27.552141	0
1	219	21.182708	13.855156	12.924294	52.037842	0
1	220	10.424318	24.297479	38.608944	26.66926	0
1	221	0	23.351106	25.258908	51.389986	0
2	222	33.254511	14.752083	13.042773	38.950633	0
2	223	20.429287	38.961443	26.450379	14.158891	0
2	224	35.106376	24.325566	22.421004	18.147055	0
2	225	18.632147	25.797734	22.220346	33.349773	0
2	226	16.959321	26.624688	25.1032	31.31279	0
2	227	28.215765	16.214116	18.871315	36.698803	0
2	228	32.207982	20.400911	20.529953	26.861154	0
2	229	17.493734	23.479694	26.56591	32.460662	0
2	230	32.287704	20.077966	23.065542	24.568788	0
2	231	41.064636	23.71008	13.017775	22.207509	0
2	232	35.734699	14.949363	10.888233	38.427706	0
2	233	26.299041	21.68796	16.762041	35.250958	0
2	234	20.883301	18.526075	33.267348	27.323276	0
2	235	35.442157	14.227129	21.41974	28.910974	0
2	236	29.980475	18.73349	20.30092	30.985116	0
2	237	20.385372	17.085661	32.527548	30.001419	0
2	238	27.066541	18.303798	21.920372	32.709289	0
2	239	36.725153	19.323303	18.589583	25.361961	0
2	240	30.021687	14.086601	19.519231	36.372481	0
2	241	21.871727	29.302156	23.397945	25.428172	0
2	242	27.101674	20.517117	18.123408	34.257802	0
2	243	18.719302	26.04501	16.605298	38.630391	0
2	244	23.083783	23.883713	19.563146	33.469357	0
2	245	31.853283	16.922162	23.638464	27.58609	0
2	246	33.222082	18.053144	18.932796	29.791978	0
2	247	31.775587	21.404201	15.148669	31.671542	0
2	248	34.655064	13.33464	14.076466	37.93383	0
2	249	35.18272	25.011992	15.46148	24.343808	0
2	250	37.831136	18.346361	15.031788	28.790714	0
2	251	30.766216	25.361286	13.465033	30.407464	0
2	252	30.544614	18.966577	12.747529	37.741279	0
2	253	28.437367	21.212326	22.326417	28.02389	0
2	254	26.240263	10.831481	28.292785	34.635471	0
2	255	22.343308	25.517353	13.919723	38.219616	0
2	256	28.573166	13.162357	22.250748	36.013729	0
2	257	30.951335	27.517178	21.138008	20.393479	0
2	258	33.799058	7.93106	30.472999	27.796883	0
2	259	32.56741	11.873957	8.516144	47.04249	0
2	260	30.100059	17.511975	15.735104	36.652862	0
2	261	31.695865	22.849344	23.70535	21.749441	0
2	262	20.102288	18.675387	20.176606	41.045719	0
2	263	32.153257	19.373974	16.855276	31.617493	0
2	264	23.247282	25.532892	23.926952	27.292873	0
2	265	16.971482	15.591874	28.288056	39.148588	0
2	266	26.683467	12.209738	11.201719	49.905076	0
2	267	32.538358	25.447765	14.857479	27.156398	0
2	268	38.852668	9.491734	18.840237	32.815361	0
2	269	27.517853	20.077966	15.232446	37.171735	0
2	270	37.838568	19.003736	8.456014	34.701682	0
2	271	31.76748	16.385723	14.791268	37.055529	0
2	272	26.745624	19.209799	18.450406	35.594171	0
2	273	21.556215	26.698331	20.348888	31.396567	0
2	274	25.586942	13.86635	32.207306	28.339403	0
2	275	35.250958	14.336579	16.146555	34.265909	0
2	276	20.159716	22.59261	19.734753	37.512921	0
2	277	18.509861	26.534156	25.139008	29.816976	0
2	278	26.901691	14.181862	21.975772	36.939323	0.001351
2	279	25.429523	14.089303	24.507307	35.973867	0
2	280	46.351334	9.423497	14.909501	29.315668	0
2	281	21.545405	31.59182	13.46098	33.401796	0
2	282	35.425942	21.302183	15.993865	27.278009	0
2	283	25.393715	17.045124	18.126111	39.43505	0
2	284	24.293136	29.687257	14.267666	31.751941	0
2	285	22.264261	20.921135	21.147467	35.666462	0.000676
2	286	25.603832	19.011168	26.952362	28.432638	0
2	287	28.894759	26.063927	20.601569	24.439745	0
2	288	29.198787	26.571315	21.331234	22.898664	0
2	289	28.27049	20.381993	27.91444	23.433077	0
2	290	34.512509	9.520785	15.951302	40.015404	0
2	291	20.024592	20.098235	19.688136	40.189037	0
2	292	27.447589	20.014458	10.948363	41.588239	0.001351
2	293	23.320925	15.356084	10.862559	50.460433	0
2	294	25.807868	9.315398	33.28559	31.585739	0.005405
2	295	17.059988	29.633884	11.040246	42.265206	0.000676
2	296	30.47908	19.977975	24.369481	25.173464	0
2	297	39.444099	18.222847	17.72559	24.607464	0
2	298	19.799746	17.485744	28.365943	34.348566	0
2	299	49.932438	15.685215	15.452801	18.928871	0.000676
2	300	41.991866	15.196065	17.699916	25.112153	0
2	301	36.617977	11.95849	16.782423	34.64111	0
2	302	28.986163	20.535497	28.816582	21.661757	0
2	303	31.813637	22.924493	26.062076	19.199795	0
2	304	26.402589	16.916196	13.59079	43.090425	0
2	305	38.227982	20.222009	15.196741	26.353269	0
2	306	40.689944	14.517066	17.033078	27.759911	0
2	307	33.850634	29.207767	15.796017	21.145583	0
2	308	23.650109	25.389158	15.121747	35.838986	0
2	309	26.592438	20.638191	7.365619	45.403751	0
2	310	27.952463	11.927411	30.82115	29.298976	0
2	311	40.893306	19.528822	20.684134	18.893738	0
2	312	21.927276	24.607464	24.831095	28.634165	0
2	313	29.062508	23.240683	13.317163	34.379645	0
2	314	31.526498	19.953788	18.984947	29.534767	0
2	315	20.502392	21.57798	13.893468	44.02616	0
2	316	28.551739	13.313785	28.415264	29.719212	0
2	317	25.164346	22.145651	17.664228	35.025775	0
2	318	23.090176	14.021931	30.600428	32.287465	0
2	319	28.148584	12.660545	17.179129	42.011742	0
2	320	35.210896	13.208478	26.656803	24.923823	0
2	321	34.115708	13.476025	24.683301	27.724966	0
2	322	37.949882	7.21568	22.094304	32.740134	0
2	323	32.179365	19.528954	8.464911	39.82677	0
2	324	16.400132	36.729703	22.028093	24.842073	0
2	325	31.567248	13.329415	23.094905	32.008432	0
2	326	23.624595	22.890191	18.695232	34.789982	0
2	327	26.465601	28.518151	20.564012	24.452237	0
2	328	32.636088	15.865713	28.269521	23.228679	0
2	329	33.290769	18.408767	18.445926	29.854538	0
2	330	38.707934	13.10308	19.448554	28.73908	0.001351
2	331	36.86753	20.517394	20.441724	22.173352	0
2	332	28.548554	24.029295	23.248272	24.173879	0
2	333	41.73406	14.850248	13.335495	30.080197	0
2	334	34.521759	29.105945	14.618508	21.753789	0
2	335	32.436103	10.989724	19.423556	37.14859	0.002027
2	336	37.606664	18.004067	13.207802	31.181466	0
2	337	36.639844	18.771578	11.874117	32.71446	0
2	338	27.463499	30.130869	7.251488	35.153468	0.000676
2	339	30.220931	17.177218	18.618337	33.983515	0
2	340	44.587829	8.831895	31.042031	15.538244	0
2	341	20.439988	27.759385	15.759709	36.040918	0
2	342	22.440258	23.585059	24.452619	29.522064	0
2	343	26.448254	20.361768	25.426514	27.763465	0
2	344	40.205565	17.99574	12.370423	29.428272	0
2	345	28.965074	27.459851	21.216486	22.358589	0
2	346	25.283159	30.940258	13.37661	30.399973	0
2	347	31.019373	8.725699	32.266964	27.987964	0
2	348	34.505851	6.946493	13.22465	45.323006	0
2	349	28.46107	26.238923	12.670635	32.629372	0
2	350	26.040722	22.811337	23.162416	27.985524	0
2	351	23.393087	26.791585	16.673882	33.141446	0
2	352	31.987418	11.459785	25.195157	31.357641	0
2	353	15.515119	18.19793	22.763986	43.522966	0
2	354	30.698776	17.140635	13.938308	38.222282	0
2	355	25.558585	19.526615	23.318158	31.596642	0
2	356	30.909165	17.012252	18.918663	33.159921	0
2	357	19.787305	9.810103	45.290461	25.112132	0
2	358	24.949938	8.327245	34.464469	32.256319	0.00203
2	359	33.871841	12.658305	18.820696	34.649158	0
2	360	20.384803	20.106078	24.288304	35.220815	0
2	361	27.25975	13.911308	30.653858	28.175084	0
2	362	26.544667	32.452728	14.763725	26.23888	0
2	363	25.91009	15.181815	22.214254	36.69384	0
2	364	30.908131	20.328938	9.615111	39.147819	0
2	365	23.883566	12.248972	29.241096	34.626367	0
2	366	28.892633	20.202041	13.075809	37.829517	0
2	367	26.220634	24.257064	16.887924	32.634378	0
2	368	37.19492	19.864131	18.977055	23.963894	0
2	369	35.094628	12.059761	24.519416	28.326195	0
2	370	21.203879	14.878645	26.133203	37.784274	0
2	371	28.154519	17.385038	16.355861	38.104582	0
2	372	23.485986	27.177811	26.810388	22.525814	0
2	373	15.548217	24.985282	31.016586	28.449915	0
2	374	30.165938	21.465019	10.334583	38.03446	0
2	375	22.724719	19.945719	25.358881	31.97068	0
2	376	48.159052	10.571235	14.916413	26.353299	0
2	377	46.149889	11.393647	14.516511	27.939952	0
2	378	26.431351	30.429456	22.220718	20.918474	0
2	379	34.060098	23.772987	16.764509	25.402406	0
2	380	11.20486	22.848659	26.966346	38.980135	0
2	381	15.141648	11.322957	28.967848	44.567547	0
2	382	34.168885	17.029831	21.216465	27.584818	0
2	383	44.43375	15.791522	5.947164	33.827565	0
2	384	16.719458	22.021599	20.115641	41.143302	0
2	385	26.296352	27.558571	19.182459	26.962618	0
2	386	31.436919	23.222539	11.179149	34.161393	0
2	387	26.19072	24.38032	26.6126	22.816359	0
2	388	16.33319	19.336869	26.31155	38.018391	0
2	389	36.947989	20.752012	11.248097	31.051902	0
2	390	34.06787	24.891629	23.01706	18.023442	0
2	391	31.359097	18.116283	19.753971	30.770649	0
2	392	36.964625	22.057398	16.492361	24.484934	0.000683
2	393	35.415913	12.92146	20.559102	31.103526	0
2	394	27.376865	17.987507	16.099259	38.536369	0
2	395	27.23214	26.029286	15.054101	31.684473	0
2	396	44.455064	16.245349	13.842373	25.456531	0.000683
2	397	22.362169	29.1752	14.533328	33.929303	0
2	398	40.066765	15.588157	22.870913	21.474164	0
2	399	36.411734	10.216885	16.884553	36.486828	0
2	400	33.528805	18.110634	17.009482	31.351078	0
2	401	41.12013	18.441048	18.356396	22.082426	0
2	402	31.663492	26.927042	14.64422	26.765246	0
2	403	33.739077	20.627389	13.110322	32.523211	0
2	404	27.63722	13.347897	19.373293	39.641589	0
2	405	30.744759	31.598135	19.024147	18.632959	0
2	406	22.92641	14.681204	24.496665	37.895721	0
2	407	36.655038	22.737607	10.894989	29.712366	0
2	408	29.318267	22.016181	20.094903	28.569966	0.000683
2	409	41.413617	12.594317	12.768442	33.223624	0
2	410	40.108453	12.506915	25.857277	21.527356	0
2	411	31.741585	21.148301	21.093633	26.016482	0
2	412	34.770182	18.00733	16.180955	31.041533	0
2	413	29.697658	28.960623	6.976171	34.365548	0
2	414	29.51711	26.196598	25.509595	18.776697	0
2	415	34.29968	16.30443	19.9821	29.41379	0
2	416	20.438814	18.373318	23.205549	37.98232	0
2	417	30.560638	17.848798	13.936434	37.65413	0
2	418	32.209995	20.288142	16.795621	30.706241	0
2	419	30.293886	9.305052	21.553303	38.84776	0
2	420	28.152992	33.513699	14.804754	23.528555	0
2	421	32.00309	10.678661	37.697356	19.620892	0
2	422	39.793042	29.109932	31.095982	0.001044	0


