## htsjdk.samtools.metrics.StringHeader
# CollectMultipleMetrics --INPUT ERR5405022.ivar_trim.sorted.bam --OUTPUT ERR5405022.CollectMultipleMetrics --TMP_DIR tmp --VALIDATION_STRINGENCY LENIENT --REFERENCE_SEQUENCE nCoV-2019.reference.fasta --ASSUME_SORTED true --STOP_AFTER 0 --METRIC_ACCUMULATION_LEVEL ALL_READS --PROGRAM CollectAlignmentSummaryMetrics --PROGRAM CollectBaseDistributionByCycle --PROGRAM CollectInsertSizeMetrics --PROGRAM MeanQualityByCycle --PROGRAM QualityScoreDistribution --INCLUDE_UNPAIRED false --VERBOSITY INFO --QUIET false --COMPRESSION_LEVEL 5 --MAX_RECORDS_IN_RAM 500000 --CREATE_INDEX false --CREATE_MD5_FILE false --help false --version false --showHidden false --USE_JDK_DEFLATER false --USE_JDK_INFLATER false
## htsjdk.samtools.metrics.StringHeader
# Started on: Wed Oct 18 09:59:34 GMT 2023

## METRICS CLASS	picard.analysis.BaseDistributionByCycleMetrics
READ_END	CYCLE	PCT_A	PCT_C	PCT_G	PCT_T	PCT_N
1	1	17.165906	32.026394	33.674988	17.132712	0
1	2	31.723632	18.429258	18.003782	31.843328	0
1	3	30.064978	17.799594	18.734032	33.401396	0
1	4	29.739081	17.861957	19.090104	33.308858	0
1	5	37.404695	8.772053	11.526082	42.29717	0
1	6	28.902211	17.79557	18.993542	34.291577	0.0171
1	7	29.933211	17.765395	20.400732	31.900662	0
1	8	30.765053	19.237965	18.817518	31.179464	0
1	9	20.033596	28.767426	29.880907	21.318071	0
1	10	32.055563	14.877588	17.177976	35.888873	0
1	11	25.676437	22.018146	23.772355	28.533062	0
1	12	30.572934	17.715102	18.804442	32.907522	0
1	13	26.55153	22.369189	22.377236	28.702046	0
1	14	28.023094	19.432095	22.414452	30.129353	0.001006
1	15	29.11344	19.514575	18.393048	32.978937	0
1	16	29.201955	17.286608	20.655213	32.856223	0
1	17	30.404957	17.897161	17.541089	34.156793	0
1	18	30.562876	18.080227	19.535698	31.821199	0
1	19	31.827235	17.227263	18.304532	32.64097	0
1	20	30.983323	18.411153	19.230924	31.3746	0
1	21	30.739906	17.414352	19.746927	32.098815	0
1	22	30.052908	16.931542	20.041642	32.973908	0
1	23	29.534893	17.908226	20.823191	31.73369	0
1	24	30.150476	17.307731	19.212819	33.328975	0
1	25	30.170593	18.364884	19.724798	31.739725	0
1	26	29.698847	17.140759	19.129333	34.031061	0
1	27	30.242008	17.423404	19.263111	33.071476	0
1	28	29.839667	18.366895	19.791185	32.002253	0
1	29	30.949124	17.195075	20.373574	31.482227	0
1	30	29.507735	18.345772	18.677704	33.468788	0
1	31	29.727011	17.918284	19.572914	32.78179	0
1	32	30.989358	18.094309	19.547768	31.368565	0
1	33	29.80748	18.065139	19.198737	32.928645	0
1	34	30.643344	17.492808	19.932004	31.931843	0
1	35	29.865819	17.814681	20.327305	31.992195	0
1	36	29.957352	17.74226	18.942244	33.358144	0
1	37	31.402764	16.441691	19.175602	32.979943	0
1	38	29.111429	18.630429	19.226901	33.031242	0
1	39	29.609326	17.851898	19.790179	32.748597	0
1	40	29.507735	18.952302	19.317427	32.222535	0
1	41	29.726005	18.558008	20.105011	31.610976	0
1	42	29.562051	17.813676	19.679535	32.944738	0
1	43	28.84186	17.994729	20.924782	32.238629	0
1	44	29.503712	17.990706	20.11507	32.390513	0
1	45	29.385021	18.277374	19.107204	33.230401	0
1	46	29.995574	18.430264	20.193526	31.380635	0
1	47	29.80748	18.116438	19.775091	32.300992	0
1	48	30.346617	17.779477	18.915086	32.95882	0
1	49	30.423062	17.930355	18.965379	32.681205	0
1	50	27.522179	19.344585	20.656219	32.477016	0
1	51	29.393708	17.741903	19.073452	33.790938	0
1	52	28.794915	18.081816	20.119672	33.003596	0
1	53	29.202291	17.685312	20.732175	32.380223	0
1	54	31.439038	17.780334	18.863221	31.917406	0
1	55	29.717801	18.012686	20.787209	31.482304	0
1	56	29.30902	18.490478	19.722638	32.477864	0
1	57	30.175683	17.84143	19.168411	32.814475	0
1	58	29.282707	17.775461	20.31756	32.624271	0
1	59	30.392345	18.248367	18.675644	32.683643	0
1	60	29.938087	17.750058	19.585153	32.726702	0
1	61	29.025879	17.996796	20.261226	32.716099	0
1	62	28.806952	18.799237	20.327093	32.066718	0
1	63	30.217078	18.115206	19.581699	32.086018	0
1	64	28.798966	18.304039	20.29779	32.599204	0
1	65	30.405102	17.865876	20.545503	31.183519	0
1	66	29.802513	17.640158	19.181492	33.373796	0.00204
1	67	30.464611	17.938195	19.669637	31.927557	0
1	68	28.659602	18.298777	20.203558	32.838063	0
1	69	30.195878	17.621848	19.324912	32.857362	0
1	70	30.524042	17.863286	19.887574	31.725098	0
1	71	29.746797	17.68939	20.549462	32.014352	0
1	72	30.076778	17.669157	18.316842	33.937223	0
1	73	29.637244	17.5046	20.975916	31.88224	0
1	74	29.645799	18.371087	20.484967	31.498147	0
1	75	29.973483	18.76825	19.26454	31.993727	0
1	76	31.299052	17.465799	19.986764	31.24735	0.001034
1	77	29.219744	17.885623	19.693863	33.200771	0
1	78	29.675185	17.865884	19.729528	32.729403	0
1	79	28.76358	18.357257	19.407341	33.471821	0
1	80	29.294316	18.738171	20.186768	31.780745	0
1	81	28.941228	18.656639	19.552491	32.849643	0
1	82	29.736809	18.376398	20.755761	31.131032	0
1	83	29.620449	17.928524	19.829939	32.621087	0
1	84	29.660679	18.919372	19.29034	32.129608	0
1	85	29.880516	18.489055	19.429586	32.200843	0
1	86	30.250737	17.67067	19.858828	32.219764	0
1	87	30.490768	17.196941	19.189166	33.123125	0
1	88	30.117126	18.112212	20.344601	31.42606	0
1	89	30.012206	17.949371	18.645651	33.392772	0
1	90	31.631622	18.361465	18.791147	31.215766	0
1	91	29.997228	18.529299	20.472961	31.000512	0
1	92	29.887011	18.688602	19.617527	31.806861	0
1	93	29.565916	18.466238	19.783494	32.184352	0
1	94	29.877281	17.809781	19.844693	32.468245	0
1	95	30.302671	19.197194	19.227408	31.272727	0
1	96	30.416563	18.737209	18.934283	31.911945	0
1	97	29.436378	19.085554	18.920358	32.55771	0
1	98	29.540746	18.257845	19.736354	32.465054	0
1	99	29.008377	18.499442	18.805634	33.686547	0
1	100	31.14114	19.599219	18.866538	30.393103	0
1	101	30.401391	19.053959	20.21588	30.328771	0
1	102	30.687977	19.036634	18.627137	31.648252	0
1	103	29.78271	18.795269	20.30146	31.120562	0
1	104	29.153379	17.844721	19.63486	33.36704	0
1	105	30.214712	18.360381	19.402153	32.022754	0
1	106	30.075407	17.954263	19.967731	32.002599	0
1	107	29.771576	18.44492	20.405086	31.378418	0
1	108	30.257744	17.800136	19.568166	32.373954	0
1	109	30.004087	18.7175	20.473898	30.804514	0
1	110	28.983078	18.723773	20.472998	31.820151	0
1	111	29.039754	17.33457	21.068416	32.557261	0
1	112	29.328017	18.104934	21.050031	31.517018	0
1	113	29.635485	17.869218	19.519287	32.976011	0
1	114	29.445571	19.001217	19.150687	32.402526	0
1	115	29.63502	18.885849	19.349205	32.129926	0
1	116	29.299833	17.701373	20.635218	32.363577	0
1	117	31.269412	17.361176	18.414118	32.955294	0
1	118	30.233081	17.566785	21.340302	30.859832	0
1	119	30.177494	17.825405	19.397187	32.599914	0
1	120	30.542325	18.153494	18.455515	32.848667	0
1	121	30.050626	17.993906	20.116128	31.83934	0
1	122	30.606835	18.286981	20.089652	31.016533	0
1	123	28.543584	19.015738	20.180387	32.260291	0
1	124	28.417621	18.919938	20.353046	32.309395	0
1	125	29.901637	18.154347	20.781032	31.162984	0
1	126	28.214466	18.988447	19.549464	33.247622	0
1	127	29.773299	18.809662	19.641685	31.775354	0
1	128	28.847112	18.805751	19.372602	32.974535	0
1	129	29.122719	18.147614	19.445664	33.282749	0.001254
1	130	30.177843	18.135232	20.00202	31.684905	0
1	131	29.902422	18.504307	18.805428	32.787843	0
1	132	28.756089	18.633731	20.279237	32.329664	0.001279
1	133	30.219844	17.730296	20.941122	31.108738	0
1	134	29.800844	18.0548	20.094269	32.048792	0.001295
1	135	30.097303	17.217092	19.448792	33.236813	0
1	136	30.660408	16.767246	20.087038	32.485307	0
1	137	28.513822	18.778851	20.79376	31.913567	0
1	138	29.482179	18.220935	19.930028	32.362837	0.004021
1	139	29.292121	17.945969	20.614934	32.146976	0
1	140	28.723639	19.111007	20.472441	31.692913	0
1	141	30.315539	18.158539	18.077381	33.448541	0
1	142	29.158563	18.782176	20.393834	31.661137	0.00429
1	143	31.588586	15.869617	19.928221	32.612099	0.001477
1	144	29.353678	18.782108	19.838804	32.02541	0
1	145	31.377739	17.040459	20.419033	31.161164	0.001604
1	146	30.236917	20.030733	19.240446	30.491903	0
1	147	31.090398	16.468555	18.880802	33.560245	0
1	148	33.165809	15.114761	16.47408	35.24535	0
1	149	36.502974	12.047579	12.591334	38.858114	0
2	150	16.162906	32.978606	34.282179	16.576308	0
2	151	31.806797	18.178618	18.18767	31.826914	0
2	152	29.821262	17.990525	18.967199	33.221014	0
2	153	29.571812	17.766222	18.966194	33.693761	0.002012
2	154	37.4526	8.715638	11.04819	42.783573	0
2	155	28.928072	17.47855	18.906849	34.686529	0
2	156	29.719671	18.254056	20.042447	31.983826	0
2	157	30.917631	19.222684	18.852533	31.007152	0
2	158	19.958962	28.728915	29.5869	21.719188	0.006035
2	159	32.017019	15.007192	17.231113	35.744677	0
2	160	25.592694	21.95355	23.715789	28.737968	0
2	161	30.166266	18.232933	18.983293	32.617508	0
2	162	26.755449	21.996801	22.300566	28.947183	0
2	163	28.119374	19.142216	22.550016	30.188395	0
2	164	28.860681	19.379595	18.441143	33.318581	0
2	165	29.430994	17.414176	20.359287	32.795542	0
2	166	30.150173	18.120279	17.938221	33.791328	0
2	167	30.454943	17.854736	19.923757	31.766564	0
2	168	31.877207	16.990716	18.47333	32.658747	0
2	169	30.804977	18.415997	19.834237	30.944789	0
2	170	31.081584	17.550971	19.460063	31.907382	0
2	171	30.248745	16.916284	19.776904	33.058067	0
2	172	29.842384	17.857754	20.811917	31.487945	0
2	173	30.544463	17.008821	18.759996	33.68672	0
2	174	30.322172	18.268138	19.870447	31.539243	0
2	175	29.105101	16.947465	19.598869	34.348565	0
2	176	30.456955	17.224072	19.46811	32.850864	0
2	177	29.231837	18.296302	19.779921	32.69194	0
2	178	31.199268	16.92936	20.359287	31.512085	0
2	179	29.603999	18.29429	18.902825	33.198886	0
2	180	29.711625	18.101168	19.250847	32.93636	0
2	181	30.770778	18.284231	19.864412	31.080578	0
2	182	29.576841	17.933192	19.262918	33.227049	0
2	183	30.48713	17.31661	20.112856	32.083405	0
2	184	29.833332	17.688772	20.287873	32.190024	0
2	185	30.535411	17.581146	18.589002	33.294441	0
2	186	31.759523	16.414367	19.091924	32.734186	0
2	187	29.544654	18.715738	19.06376	32.675847	0
2	188	29.617075	18.27719	19.718565	32.387169	0
2	189	29.393778	18.865609	19.245818	32.494795	0
2	190	29.650268	18.637283	20.338165	31.374285	0
2	191	29.939951	17.908046	19.591829	32.560175	0
2	192	28.825476	18.015671	21.190115	31.968738	0
2	193	30.155202	18.104185	19.752764	31.987849	0
2	194	29.39579	18.558827	18.924954	33.12043	0
2	195	30.247739	18.405939	19.973043	31.373279	0
2	196	29.514479	18.092115	19.595852	32.797554	0
2	197	30.02746	18.070992	19.071807	32.829741	0
2	198	30.569609	18.164536	18.749937	32.515917	0
2	199	27.544031	19.704483	20.605719	32.145767	0
2	200	29.914754	17.749776	19.095402	33.240069	0
2	201	28.641363	18.12019	20.253636	32.98481	0
2	202	29.092816	17.736374	20.857782	32.313028	0
2	203	31.314966	17.928146	19.213846	31.543042	0
2	204	29.923343	17.780493	20.979063	31.3171	0
2	205	29.610237	18.167024	19.936926	32.285812	0
2	206	30.564377	17.888136	19.401234	32.145241	0.001011
2	207	29.376347	17.784681	20.077716	32.761255	0
2	208	30.325213	18.437519	18.882004	32.355264	0
2	209	29.919042	17.647655	19.38638	33.046923	0
2	210	29.255184	18.180804	20.015211	32.548801	0
2	211	28.546346	19.102617	20.107377	32.243659	0
2	212	30.509887	17.987278	19.610015	31.89282	0
2	213	28.846506	18.360846	19.985141	32.807507	0
2	214	30.159862	17.922096	20.655751	31.26229	0
2	215	29.730888	18.006447	19.168384	33.094281	0
2	216	30.507938	18.0438	19.690643	31.757619	0
2	217	28.836544	18.790046	19.839559	32.533851	0
2	218	30.620805	17.759658	19.07534	32.544197	0
2	219	30.877714	17.749898	20.005121	31.367268	0
2	220	29.909982	17.999508	20.247908	31.842602	0
2	221	30.113741	17.6566	18.601022	33.628637	0
2	222	29.772907	17.666773	20.939007	31.621313	0
2	223	29.4664	18.179665	20.595383	31.758552	0
2	224	29.772481	18.937213	19.57179	31.717484	0.001032
2	225	31.560335	17.63313	19.952435	30.8541	0
2	226	29.091229	18.000373	19.449393	33.459005	0
2	227	29.661131	17.567862	19.541744	33.229263	0
2	228	28.500649	18.526097	19.792262	33.180992	0
2	229	29.121428	18.442947	20.337784	32.097841	0
2	230	28.692264	18.474343	20.201463	32.63193	0
2	231	30.012212	18.300613	20.404755	31.282421	0
2	232	29.774593	17.696773	20.200826	32.326761	0.001046
2	233	29.502337	18.702178	19.504014	32.29147	0
2	234	29.264857	18.417457	19.717673	32.600013	0
2	235	29.908108	17.961093	20.203596	31.927203	0
2	236	30.624558	17.131748	19.288273	32.955422	0
2	237	29.525858	18.055762	20.65952	31.758861	0
2	238	30.157652	17.768459	18.574234	33.499655	0
2	239	31.478468	18.423152	18.920902	31.176414	0.001064
2	240	30.385321	18.463195	20.19362	30.957864	0
2	241	30.521826	18.315234	19.38625	31.77669	0
2	242	29.484899	18.485134	19.389724	32.640244	0
2	243	30.115286	17.496182	19.815886	32.570494	0.002151
2	244	29.869443	19.227449	19.416271	31.486836	0
2	245	30.667619	18.687066	18.961	31.684315	0
2	246	29.211993	19.151896	18.699805	32.936305	0
2	247	29.877437	18.160902	20.056047	31.905613	0
2	248	29.032681	18.302927	19.055432	33.60896	0
2	249	30.756655	19.801839	18.925146	30.51636	0
2	250	30.511646	18.856501	20.459249	30.172604	0
2	251	30.359943	19.523021	18.552501	31.564536	0
2	252	30.301352	18.6694	19.92023	31.109018	0
2	253	28.984557	17.68715	19.742943	33.58535	0
2	254	30.394367	18.304468	19.014195	32.28697	0
2	255	30.013898	18.143507	19.693573	32.149022	0
2	256	29.642676	18.5572	20.082156	31.717967	0
2	257	30.05145	18.039238	19.275174	32.634138	0
2	258	29.47415	18.926499	20.801208	30.798142	0
2	259	28.861218	18.699187	20.387918	32.051677	0
2	260	29.019078	17.271135	21.35459	32.355196	0
2	261	29.026181	18.283955	21.214488	31.475376	0
2	262	29.677985	17.750046	19.527357	33.044612	0
2	263	29.362515	19.064327	18.975161	32.597997	0
2	264	29.814944	18.868715	19.234171	32.082169	0
2	265	29.016029	17.800398	20.962911	32.220662	0
2	266	30.899101	17.618476	18.604405	32.878018	0
2	267	30.262007	17.729197	21.280948	30.727849	0
2	268	29.900739	17.989361	19.553086	32.556814	0
2	269	30.867231	18.298938	18.329953	32.503877	0
2	270	30.196934	17.970969	19.790481	32.040418	0.001199
2	271	30.743117	17.905597	20.422781	30.928505	0
2	272	28.862551	18.939348	19.81617	32.381931	0
2	273	28.308743	19.108675	20.472278	32.110304	0
2	274	30.059662	18.40355	20.738685	30.798103	0
2	275	28.473768	18.82677	19.618596	33.080867	0
2	276	29.852575	18.646564	19.624445	31.876416	0
2	277	28.995454	18.501588	19.304976	33.195491	0.002491
2	278	28.838341	18.614887	19.744696	32.802077	0
2	279	30.219759	18.276258	20.052258	31.450463	0.001262
2	280	30.241183	18.69134	18.667209	32.398999	0.00127
2	281	28.55208	19.031739	19.797097	32.617806	0.001278
2	282	29.94062	18.340959	20.234178	31.484242	0
2	283	29.697001	17.653375	20.392268	32.257355	0
2	284	29.656952	17.56165	19.497159	33.28424	0
2	285	30.649675	17.080733	19.839716	32.428562	0.001314
2	286	28.853975	18.715805	20.416761	32.013459	0
2	287	29.452376	18.602909	19.820447	32.124269	0
2	288	29.492645	17.755403	20.702908	32.049044	0
2	289	28.652348	18.852864	20.855278	31.639511	0
2	290	30.57834	18.326394	18.323608	32.764695	0.006963
2	291	29.068067	19.000639	20.545106	31.384768	0.00142
2	292	31.719274	15.8172	19.831131	32.629469	0.002927
2	293	29.451223	18.95526	19.516785	32.076732	0
2	294	31.512386	16.903232	20.274089	31.310293	0
2	295	30.096234	19.956861	19.366185	30.58072	0
2	296	30.891977	16.767722	18.69321	33.647091	0
2	297	34.036981	14.434541	16.125249	35.403229	0
2	298	36.162775	11.47502	13.558919	38.803285	0


