## htsjdk.samtools.metrics.StringHeader
# CollectMultipleMetrics --INPUT SRR13500958.ivar_trim.sorted.bam --OUTPUT SRR13500958.CollectMultipleMetrics --TMP_DIR tmp --VALIDATION_STRINGENCY LENIENT --REFERENCE_SEQUENCE nCoV-2019.reference.fasta --ASSUME_SORTED true --STOP_AFTER 0 --METRIC_ACCUMULATION_LEVEL ALL_READS --PROGRAM CollectAlignmentSummaryMetrics --PROGRAM CollectBaseDistributionByCycle --PROGRAM CollectInsertSizeMetrics --PROGRAM MeanQualityByCycle --PROGRAM QualityScoreDistribution --INCLUDE_UNPAIRED false --VERBOSITY INFO --QUIET false --COMPRESSION_LEVEL 5 --MAX_RECORDS_IN_RAM 500000 --CREATE_INDEX false --CREATE_MD5_FILE false --help false --version false --showHidden false --USE_JDK_DEFLATER false --USE_JDK_INFLATER false
## htsjdk.samtools.metrics.StringHeader
# Started on: Wed Oct 18 09:59:52 GMT 2023

## METRICS CLASS	picard.analysis.BaseDistributionByCycleMetrics
READ_END	CYCLE	PCT_A	PCT_C	PCT_G	PCT_T	PCT_N
1	1	33.844641	14.937194	17.725516	33.49265	0
1	2	14.607633	34.215612	33.584098	17.592656	0
1	3	34.381255	21.226448	20.303334	24.088964	0
1	4	22.21858	23.981986	24.475464	29.32397	0
1	5	29.368832	15.912071	20.955552	33.763545	0
1	6	28.116157	16.391745	21.933881	33.558217	0
1	7	30.564566	23.51439	21.40762	24.513424	0
1	8	31.630892	23.433294	21.141901	23.793913	0
1	9	32.122645	18.117192	23.931948	25.828215	0
1	10	31.430741	18.006764	19.716682	30.845814	0
1	11	28.421561	13.879495	22.1047	35.594244	0
1	12	24.773966	22.277245	17.722065	35.226724	0
1	13	24.803299	19.204224	21.935606	34.056871	0
1	14	29.600041	19.504452	22.385948	28.509559	0
1	15	29.049624	19.623507	24.133826	27.193043	0
1	16	22.549865	20.294706	28.814963	28.340465	0
1	17	29.165229	20.398233	18.141349	32.295189	0
1	18	32.214093	17.287252	24.453033	26.045621	0
1	19	24.216647	22.984678	19.958244	32.840431	0
1	20	28.481952	26.44765	18.943681	26.126717	0
1	21	28.355994	24.223549	20.30851	27.111947	0
1	22	21.345503	25.814411	24.035475	28.80461	0
1	23	28.714887	18.479536	22.325557	30.480019	0
1	24	28.476775	21.15743	22.796604	27.56919	0
1	25	34.785009	17.647871	20.903789	26.663331	0
1	26	28.060943	22.932915	18.624474	30.381669	0
1	27	31.201256	15.82925	17.294154	35.67534	0
1	28	26.980813	21.271309	16.645386	35.102492	0
1	29	30.373042	16.717855	11.525985	41.383118	0
1	30	32.776589	17.313134	13.655187	36.25509	0
1	31	28.685555	21.116019	16.441783	33.756643	0
1	32	33.080268	12.654427	16.472841	37.792463	0
1	33	28.93747	16.459038	19.49755	35.105942	0
1	34	29.372282	22.827662	16.809304	30.990752	0
1	35	30.543861	17.951549	19.36469	32.139899	0
1	36	34.51929	19.514804	20.563876	25.402029	0
1	37	25.44344	13.365312	24.280489	36.91076	0
1	38	28.166195	18.552005	14.776727	38.505073	0
1	39	25.574574	26.313065	15.573884	32.538477	0
1	40	33.568569	17.249293	14.919939	34.262199	0
1	41	24.035475	21.297191	17.240665	37.426669	0
1	42	32.402167	14.146939	20.71399	32.736904	0
1	43	28.656222	18.690041	17.357996	35.295742	0
1	44	32.887018	17.525364	19.611429	29.976189	0
1	45	35.670164	16.819656	15.610118	31.900062	0
1	46	32.830078	17.630616	20.022086	29.51722	0
1	47	35.333701	11.9677	20.265374	32.433225	0
1	48	34.942025	14.259093	18.552005	32.246877	0
1	49	28.136862	16.150183	19.224929	36.488025	0
1	50	28.694182	16.229553	16.807578	38.268687	0
1	51	28.489345	25.361056	18.110603	28.038996	0
1	52	30.649642	21.613321	16.086619	31.650418	0
1	53	31.181089	15.755327	21.380381	31.683202	0
1	54	31.674575	19.7291	21.340695	27.255629	0
1	55	23.502718	23.245622	19.61867	33.632991	0
1	56	26.536563	19.263554	15.151672	39.048211	0
1	57	24.380101	17.098338	23.774438	34.747123	0
1	58	28.326891	17.633559	20.523882	33.515668	0
1	59	31.581218	17.492968	17.995134	32.93068	0
1	60	27.541459	16.790626	22.505997	33.161918	0
1	61	26.055743	20.051773	18.767797	35.124687	0
1	62	30.799516	18.732516	22.167156	28.300812	0
1	63	31.052122	17.910964	21.038988	29.997926	0
1	64	34.069144	17.350043	19.452031	29.128781	0
1	65	26.665975	20.16288	21.5254	31.645745	0
1	66	30.163753	22.629731	18.661272	28.545244	0
1	67	28.890119	21.390032	20.757099	28.96275	0
1	68	27.378688	19.460104	18.841006	34.320202	0
1	69	22.877648	17.77259	21.494163	37.855599	0
1	70	25.166021	21.262797	22.546002	31.02518	0
1	71	26.079137	21.98741	16.740454	35.192999	0
1	72	29.10902	17.971776	18.023658	34.895545	0
1	73	26.977621	15.309052	21.886133	35.827194	0
1	74	26.394798	21.483172	18.780049	33.341981	0
1	75	33.316615	17.434842	22.657858	26.590685	0
1	76	33.817653	22.150727	18.954214	25.077405	0
1	77	30.003806	19.679618	16.89098	33.425596	0
1	78	36.159502	22.110544	17.107517	24.622438	0
1	79	29.481279	17.980483	19.771264	32.766973	0
1	80	27.436492	26.228629	17.294248	29.040631	0
1	81	30.327259	18.984823	23.872073	26.815845	0
1	82	24.250606	19.503288	18.5964	37.649706	0
1	83	31.963368	14.114572	18.674584	35.247477	0
1	84	32.654581	16.473603	24.256749	26.615068	0
1	85	27.809052	15.469489	22.55729	34.16417	0
1	86	29.554039	21.248137	20.492741	28.705083	0
1	87	30.242068	17.644816	19.102078	33.011038	0
1	88	31.007886	21.667389	20.053731	27.270994	0
1	89	32.455441	14.676815	21.511547	31.356197	0
1	90	35.957414	13.098438	20.152243	30.791906	0
1	91	26.908202	19.528608	20.113079	33.450112	0
1	92	29.640874	17.931992	15.154407	37.272727	0
1	93	28.808441	14.718337	21.948214	34.525008	0
1	94	34.836336	15.222673	21.173939	28.767052	0
1	95	29.079295	14.619497	18.848077	37.453132	0
1	96	32.082255	15.415878	17.262101	35.239766	0
1	97	30.774842	13.923193	21.513557	33.788408	0
1	98	26.222245	19.147642	20.664373	33.965739	0
1	99	38.363282	15.058566	16.122137	30.456015	0
1	100	30.761878	18.066803	19.554412	31.616906	0
1	101	34.771953	13.781895	18.700897	32.745255	0
1	102	34.525796	20.290989	16.09651	29.086706	0
1	103	30.072848	18.2207	19.510753	32.195699	0
1	104	25.646331	20.282699	23.007111	31.063859	0
1	105	26.620882	14.818743	21.583935	36.976441	0
1	106	31.532456	20.511572	20.156845	27.799127	0
1	107	32.808723	21.298019	17.526042	28.367216	0
1	108	28.028103	22.176234	17.442568	32.353095	0
1	109	39.45945	18.287911	12.814582	29.438058	0
1	110	30.56145	17.927088	20.610846	30.900616	0
1	111	24.212009	21.569719	21.444475	32.773796	0
1	112	33.026597	18.016247	16.085376	32.87178	0
1	113	31.195629	23.067019	17.918783	27.818568	0
1	114	32.505742	17.572552	20.732132	29.189575	0
1	115	40.870972	13.744867	18.426822	26.957339	0
1	116	23.307525	23.323184	15.598086	37.771205	0
1	117	28.30796	22.45672	15.820792	33.414528	0
1	118	31.418878	19.68856	18.46368	30.428882	0
1	119	35.800793	11.648222	24.958238	27.592747	0
1	120	20.706157	19.007761	25.194028	35.092054	0
1	121	23.869688	24.621489	21.163552	30.345272	0
1	122	28.281791	22.035816	20.420807	29.261586	0
1	123	27.237605	19.049442	20.401664	33.311289	0
1	124	29.044553	20.589976	17.60181	32.763662	0
1	125	32.342499	19.862513	17.476505	30.318482	0
1	126	23.604246	17.034459	25.997215	33.364079	0
1	127	32.697496	15.750909	15.663888	35.887707	0
1	128	28.327764	18.727374	24.639724	28.305138	0
1	129	31.448314	16.075749	20.519381	31.956556	0
1	130	27.59647	21.072877	18.589108	32.741545	0
1	131	28.804414	18.486415	17.682279	35.026892	0
1	132	27.949035	21.733303	22.102313	28.215349	0
1	133	28.230481	19.733658	23.345809	28.690051	0
1	134	26.450568	22.246401	17.54783	33.755201	0
1	135	28.702301	18.700037	21.491893	31.10577	0
1	136	27.816773	15.333972	25.514238	31.335017	0
1	137	24.838889	17.554952	24.150904	33.455255	0
1	138	30.267719	14.384003	18.93017	36.418108	0
1	139	26.999948	18.864242	20.476049	33.659761	0
1	140	26.539574	15.688495	22.988185	34.783745	0
1	141	27.350353	19.904156	20.494903	32.250588	0
1	142	29.100446	14.352433	24.806566	31.740555	0
1	143	33.227611	16.496175	12.925431	37.350783	0
1	144	28.88885	19.619393	24.368269	27.123488	0
1	145	37.686691	14.29393	17.814259	30.20512	0
1	146	26.538864	19.233182	20.582084	33.64587	0
1	147	32.823829	21.242331	17.526492	28.407348	0
1	148	32.634423	18.757298	14.487146	34.121133	0
1	149	25.615686	20.749455	20.038344	33.596514	0
1	150	31.27146	19.374292	17.127669	32.22658	0
1	151	26.454492	14.680866	22.607801	36.256841	0
1	152	26.39855	23.466346	20.229068	29.906037	0
1	153	24.591164	18.4595	20.216883	36.732452	0
1	154	30.930837	18.367418	18.829437	31.872309	0
1	155	34.282974	13.728533	17.334147	34.654346	0
1	156	36.28983	20.356176	12.574422	30.779572	0
1	157	30.494299	20.529744	23.82449	25.151468	0
1	158	33.241797	17.307423	21.475547	27.975233	0
1	159	22.974935	22.542898	21.045635	33.436533	0
1	160	30.884539	9.810918	24.73107	34.573473	0
1	161	26.667833	16.428197	24.8417	32.06227	0
1	162	31.703051	16.213616	18.734257	33.349076	0
1	163	26.206969	20.168626	24.356283	29.268122	0
1	164	26.560313	22.167996	18.013574	33.258116	0
1	165	31.132802	22.042051	18.860202	27.964945	0
1	166	32.193398	16.145678	25.416761	26.244162	0
1	167	25.063849	23.354791	19.586817	31.994542	0
1	168	30.051079	18.077179	18.797887	33.073855	0
1	169	28.602666	20.057377	25.174055	26.165903	0
1	170	28.338523	14.639821	20.304027	36.717629	0
1	171	27.239968	20.982752	16.724976	35.052304	0
1	172	32.242942	15.385019	19.376902	32.995137	0
1	173	24.911661	26.449288	13.417066	35.221985	0
1	174	21.563894	23.388437	19.128838	35.918831	0
1	175	34.732791	21.976734	13.588734	29.701741	0
1	176	30.274299	19.211392	16.834021	33.680288	0
1	177	31.159471	14.897488	17.502274	36.440767	0
1	178	28.550436	16.838109	20.189986	34.421469	0
1	179	33.406813	18.138876	17.463567	30.990745	0
1	180	31.096259	20.182652	24.098114	24.622975	0
1	181	31.869555	16.447391	18.212674	33.47038	0
1	182	32.690087	18.721789	15.374926	33.213199	0
1	183	34.156199	14.582386	20.571049	30.690367	0
1	184	35.269005	21.08127	17.727233	25.922491	0
1	185	29.011093	15.703188	13.785562	41.500157	0
1	186	25.873955	23.079749	20.672219	30.374077	0
1	187	29.0151	15.94492	20.45037	34.58961	0
1	188	31.052825	24.407272	14.116988	30.422915	0
1	189	34.025651	14.615667	22.893738	28.464944	0
1	190	36.057743	18.866142	18.029746	27.046369	0
1	191	33.298338	16.589676	14.610674	35.501312	0
1	192	28.858908	19.330849	21.10872	30.701524	0
1	193	30.376048	20.744746	18.690395	30.188811	0
1	194	35.590165	15.439671	18.813544	30.156619	0
1	195	28.291684	18.48838	18.460381	34.759555	0
1	196	28.659678	24.561189	15.96171	30.817423	0
1	197	32.130981	20.23347	15.978858	31.656691	0
1	198	30.228569	18.875354	20.459239	30.436837	0
1	199	33.29191	24.892358	14.408233	27.407498	0
1	200	30.485009	19.559624	21.551468	28.4039	0
1	201	22.658055	23.093888	21.044248	33.203809	0
1	202	36.046003	13.161902	14.550038	36.242057	0
1	203	32.028364	18.552044	19.007266	30.412326	0
1	204	34.756802	14.896523	15.778968	34.567707	0
1	205	26.903278	20.197156	23.662278	29.237288	0
1	206	36.44323	13.560272	20.047979	29.948519	0
1	207	33.39579	17.609358	20.987287	28.007565	0
1	208	28.102938	21.549323	19.58026	30.767479	0
1	209	28.784906	17.772678	21.01363	32.428787	0
1	210	23.909464	20.155215	14.980204	40.955117	0
1	211	29.45989	14.384822	18.254761	37.900527	0
1	212	32.807162	18.262408	19.276792	29.653638	0
1	213	28.460299	13.05978	21.832294	36.647628	0
1	214	23.500552	22.801423	15.596362	38.101663	0
1	215	27.377112	25.606549	20.584111	26.432228	0
1	216	28.064516	17.23878	17.245792	37.450912	0
1	217	34.365683	15.69745	18.626144	31.310722	0
1	218	29.282194	18.970204	21.207976	30.539626	0
1	219	29.722383	12.262149	19.463005	38.552463	0
1	220	28.182599	18.223111	22.270742	31.323547	0
1	221	29.918788	17.340513	21.26958	31.47112	0
1	222	31.116023	17.768305	19.352349	31.763323	0
1	223	27.185812	19.630201	22.338783	30.845204	0
1	224	33.474851	17.964597	18.182137	30.378414	0
1	225	30.371397	17.347064	22.897844	29.383695	0
1	226	32.921053	18.936842	18.42807	29.714035	0
1	227	36.435578	16.151673	19.925953	27.486796	0
1	228	32.784839	17.546543	23.713588	25.955031	0
1	229	30.723516	16.18989	25.44	27.646593	0
1	230	34.463962	21.001917	17.010427	27.523694	0
1	231	26.112645	28.199898	17.273031	28.414426	0
1	232	30.322161	25.030774	15.295607	29.351458	0
1	233	30.089336	23.777786	12.616066	33.516812	0
1	234	32.593478	19.902213	14.474656	33.029653	0
1	235	29.184768	21.264621	18.853223	30.697388	0
1	236	25.467466	18.331017	16.369681	39.831835	0
1	237	29.087135	18.491283	20.424679	31.996904	0
1	238	29.363222	23.688702	20.713318	26.234758	0
1	239	28.141057	15.112269	18.144225	38.602449	0
1	240	26.074867	19.367839	21.960191	32.597103	0
1	241	24.627628	15.125533	21.252509	38.994331	0
1	242	24.834035	18.047509	24.819948	32.298509	0
1	243	26.743367	18.788541	23.431058	31.037034	0
1	244	26.745458	13.471512	19.431999	40.351032	0
1	245	24.107143	21.602874	21.645561	32.644422	0
1	246	32.656593	15.223092	16.971438	35.148877	0
1	247	25.234397	19.444246	19.465717	35.85564	0
1	248	28.020378	16.009825	23.739083	32.230713	0
1	249	30.775575	16.966609	22.286772	29.971044	0
1	250	26.851018	20.705729	22.531976	29.911277	0
1	251	20.762783	25.46505	31.670173	22.101994	0
2	252	32.943126	15.68079	17.569667	33.806416	0
2	253	15.535757	33.500811	33.790877	17.172554	0
2	254	34.074036	21.103975	20.839808	23.982182	0
2	255	21.483822	23.49874	24.885182	30.132256	0
2	256	29.51932	15.789565	21.734176	32.956939	0
2	257	28.315895	16.575158	21.861943	33.247004	0
2	258	30.753824	23.509099	21.140233	24.596844	0
2	259	31.10432	23.384785	21.364688	24.146207	0
2	260	31.788045	18.457129	23.964916	25.78991	0
2	261	31.15957	18.43641	20.068027	30.335992	0
2	262	28.321075	13.45523	21.735902	36.487793	0
2	263	24.643461	21.991436	17.764771	35.600332	0
2	264	24.475983	19.784868	21.535619	34.203529	0
2	265	30.525916	20.038675	21.012466	28.422943	0
2	266	29.800753	19.437826	23.743914	27.017508	0
2	267	22.96868	20.199247	28.231293	28.60078	0
2	268	28.46956	21.102248	17.837287	32.590904	0
2	269	31.848475	17.032701	25.069926	26.048897	0
2	270	24.427639	22.138195	20.522117	32.912048	0
2	271	28.103526	26.487448	18.634967	26.77406	0
2	272	27.844539	24.147933	20.118098	27.88943	0
2	273	21.673746	25.263303	23.983908	29.079043	0
2	274	28.478193	19.449912	22.442073	29.629821	0
2	275	29.148106	21.102248	22.274595	27.475051	0
2	276	35.120343	17.942609	19.722711	27.214338	0
2	277	28.14669	23.091267	19.216824	29.545219	0
2	278	31.163024	15.851721	16.986084	35.999171	0
2	279	27.357644	20.385718	17.631824	34.624814	0
2	280	30.31182	16.892849	11.41096	41.384371	0
2	281	33.449014	17.049967	13.671052	35.829967	0
2	282	28.576608	21.200663	16.07445	34.148279	0
2	283	32.425153	13.172071	16.654581	37.748196	0
2	284	28.559343	16.393867	19.358403	35.688387	0
2	285	28.669844	23.562623	16.488829	31.278704	0
2	286	30.209952	18.279291	19.594945	31.915812	0
2	287	34.840637	19.320419	20.675783	25.163162	0
2	288	26.121413	13.564004	23.457302	36.857281	0
2	289	28.647398	18.622881	14.42902	38.300701	0
2	290	26.073069	25.92631	15.618633	32.381988	0
2	291	32.656514	17.310681	15.200801	34.832004	0
2	292	24.177285	21.442384	17.422908	36.957423	0
2	293	31.627473	14.147588	21.568424	32.656514	0
2	294	27.668428	19.750337	17.878725	34.70251	0
2	295	33.338513	17.226078	19.344591	30.090818	0
2	296	35.22739	17.044787	15.463241	32.264581	0
2	297	31.89682	17.490245	19.995511	30.617425	0
2	298	35.933561	12.34504	19.897096	31.824303	0
2	299	34.545392	14.710453	18.579716	32.164439	0
2	300	28.177769	16.437032	19.071791	36.313409	0
2	301	28.201941	16.754722	17.355572	37.687765	0
2	302	28.128183	25.534817	17.915293	28.421707	0
2	303	30.063712	21.297719	16.119619	32.51895	0
2	304	31.239532	15.113007	21.204482	32.442979	0
2	305	32.758948	18.942625	20.866067	27.43236	0
2	306	24.070653	23.007062	19.607369	33.314916	0
2	307	26.186201	19.866704	15.209959	38.737137	0
2	308	24.318398	17.204524	23.273763	35.203315	0
2	309	27.710053	17.360224	21.101979	33.827745	0
2	310	30.656859	17.359097	18.659345	33.3247	0
2	311	27.02376	16.917047	22.862274	33.196919	0
2	312	25.877254	19.945431	19.325482	34.851834	0
2	313	30.636048	17.875348	22.530368	28.958236	0
2	314	30.956004	17.976965	21.140011	29.92702	0
2	315	34.15499	17.012628	19.084933	29.747449	0
2	316	26.72296	19.398543	21.834824	32.043673	0
2	317	30.109015	22.732307	18.54127	28.617408	0
2	318	28.341265	21.604223	20.12633	29.928182	0
2	319	27.777105	18.205417	18.992818	35.02466	0
2	320	23.490932	16.783193	21.711893	38.013983	0
2	321	24.751224	21.135974	23.155599	30.957202	0
2	322	25.483274	22.632954	16.636381	35.247391	0
2	323	29.418687	18.093557	18.148937	34.338819	0
2	324	27.559232	14.672643	21.477648	36.290476	0
2	325	26.439487	21.813399	18.41955	33.327564	0
2	326	33.625822	17.516442	21.962617	26.895119	0
2	327	34.357474	21.7666	18.830922	25.045005	0
2	328	30.167578	19.777024	16.820165	33.235233	0
2	329	36.234268	22.400152	16.841231	24.524349	0
2	330	30.113932	18.62555	18.405652	32.854867	0
2	331	26.951251	26.066326	17.75565	29.226773	0
2	332	29.677866	20.131625	23.578109	26.6124	0
2	333	24.111055	19.370594	18.965308	37.553042	0
2	334	31.703049	14.468122	18.698891	35.129938	0
2	335	33.273839	16.498293	23.576912	26.650956	0
2	336	28.915892	15.287408	22.217792	33.578907	0
2	337	30.479939	20.973055	19.884177	28.662829	0
2	338	30.459362	17.956544	19.36983	32.214265	0
2	339	30.552279	21.615902	19.90911	27.922709	0
2	340	32.535744	14.764367	21.444684	31.255205	0
2	341	35.370065	13.254664	20.477223	30.898048	0
2	342	27.320223	19.084234	19.901758	33.693784	0
2	343	29.772198	17.824773	15.048443	37.354586	0
2	344	28.977352	15.223357	21.510699	34.288592	0
2	345	35.045942	14.480746	21.784517	28.688795	0
2	346	29.493416	14.587749	18.861402	37.057434	0
2	347	32.393534	15.355467	17.43612	34.814879	0
2	348	30.064666	13.652957	22.03873	34.243646	0
2	349	26.527099	18.184347	20.556068	34.732486	0
2	350	37.532612	15.785995	16.326921	30.354472	0
2	351	31.11803	17.829687	18.989808	32.062476	0
2	352	34.758102	14.562566	18.753371	31.925961	0
2	353	34.219454	19.671532	16.058039	30.050975	0
2	354	29.449433	17.869075	20.402659	32.278833	0
2	355	25.475047	20.06334	22.88578	31.575834	0
2	356	26.883723	15.041938	20.996763	37.077576	0
2	357	31.984616	20.002784	20.453517	27.559083	0
2	358	33.17147	20.457393	17.535157	28.835979	0
2	359	27.86306	21.494709	17.09308	33.549151	0
2	360	39.552654	17.993037	12.903394	29.550914	0
2	361	31.054171	17.629857	20.301838	31.014135	0
2	362	25.221963	21.167438	21.372863	32.237735	0
2	363	32.299791	18.476671	17.122214	32.101323	0
2	364	32.02389	22.650577	18.020512	27.30502	0
2	365	32.744781	18.494141	20.071741	28.689338	0
2	366	40.333281	13.99293	18.415783	27.258006	0
2	367	24.280839	22.800724	16.087971	36.830466	0
2	368	28.501776	23.243017	15.135474	33.119733	0
2	369	32.698335	19.305913	18.064359	29.931392	0
2	370	35.236238	12.070497	25.706623	26.986643	0
2	371	21.08013	18.762082	25.603023	34.554764	0
2	372	24.267178	24.258469	21.485674	29.988679	0
2	373	27.999652	22.297309	21.060698	28.642341	0
2	374	28.429853	19.486197	19.944265	32.139685	0
2	375	29.740133	20.825931	16.853032	32.580904	0
2	376	32.14603	20.061659	17.022277	30.770035	0
2	377	23.644471	17.536098	26.244927	32.574504	0
2	378	31.910261	15.807075	15.7165	36.566163	0
2	379	27.417304	18.897734	25.121497	28.563466	0
2	380	30.921855	16.437306	20.255722	32.385117	0
2	381	27.051179	21.365363	18.388322	33.195136	0
2	382	29.187353	18.36948	17.517638	34.925529	0
2	383	28.147103	21.657782	21.779729	28.415386	0
2	384	28.392222	19.280089	23.330894	28.996794	0
2	385	26.129909	22.012754	17.594174	34.263163	0
2	386	29.49851	18.525685	21.879412	30.096394	0
2	387	28.793557	14.914498	24.725016	31.566929	0
2	388	24.793432	17.710839	24.19203	33.303699	0
2	389	29.81713	14.326308	19.265031	36.591531	0
2	390	26.52111	18.710217	20.904034	33.864639	0
2	391	25.833173	15.599658	23.269563	35.297606	0
2	392	27.650855	20.594698	19.99128	31.763167	0
2	393	28.858194	14.689827	24.860915	31.591064	0
2	394	32.811873	16.704163	13.284152	37.199812	0
2	395	29.062751	19.062402	25.096794	26.778053	0
2	396	37.332566	14.563276	17.536975	30.567183	0
2	397	26.987006	19.213395	20.099416	33.700183	0
2	398	32.707134	21.203558	17.120181	28.969126	0
2	399	32.978074	18.153116	14.235378	34.633432	0
2	400	25.927993	21.206042	19.822774	33.04319	0
2	401	30.949972	19.430296	17.103335	32.516397	0
2	402	26.739582	14.860362	22.574005	35.826051	0
2	403	25.523859	23.625578	20.446654	30.403908	0
2	404	25.267401	18.682277	19.680341	36.369981	0
2	405	30.002268	18.250188	18.703869	33.043676	0
2	406	34.161621	13.621373	17.729073	34.487933	0
2	407	36.391437	20.917431	11.961555	30.729576	0
2	408	30.18891	21.147091	23.52201	25.141988	0
2	409	33.210791	16.965145	21.84234	27.981724	0
2	410	23.785515	22.227474	21.413441	32.573569	0
2	411	30.455866	10.076678	24.692763	34.774693	0
2	412	27.597556	16.484305	24.65293	31.265209	0
2	413	30.886395	16.02444	19.005935	34.08323	0
2	414	26.34675	20.073881	22.974842	30.604527	0
2	415	27.080306	22.173007	18.128819	32.617868	0
2	416	30.509988	22.720986	18.879882	27.889144	0
2	417	32.389089	16.341609	24.845058	26.424245	0
2	418	24.943537	23.409843	19.950278	31.696343	0
2	419	29.618152	18.495369	18.910307	32.976172	0
2	420	28.378591	20.601572	24.97155	26.048287	0
2	421	29.029886	14.372253	19.524835	37.073026	0
2	422	27.1828	21.181084	16.812858	34.823258	0
2	423	31.855665	15.471751	19.762943	32.909642	0
2	424	24.451564	25.76816	14.186669	35.593606	0
2	425	21.631417	22.545346	19.430632	36.392605	0
2	426	34.473703	21.379298	14.335738	29.811261	0
2	427	30.493933	19.216291	16.896328	33.393448	0
2	428	31.229317	14.923047	17.031149	36.816487	0
2	429	29.841887	16.301588	19.961128	33.895397	0
2	430	33.047909	18.444001	17.074666	31.433424	0
2	431	31.496918	19.546792	24.29427	24.66202	0
2	432	32.402284	16.002382	17.715046	33.880289	0
2	433	33.095755	19.310381	15.167064	32.4268	0
2	434	34.692841	14.778299	20.026618	30.502242	0
2	435	35.62685	20.40173	17.232019	26.739401	0
2	436	28.83962	15.377745	13.708802	42.073833	0
2	437	26.328786	22.542512	20.631863	30.496839	0
2	438	28.656743	15.868651	20.765324	34.709282	0
2	439	31.607062	23.774913	14.154611	30.463414	0
2	440	34.192091	14.648499	22.317769	28.841641	0
2	441	35.569294	18.726028	18.424786	27.279892	0
2	442	32.227613	16.400161	14.839659	36.532567	0
2	443	28.835409	19.734468	21.331862	30.098261	0
2	444	30.126285	20.860701	18.327991	30.685023	0
2	445	35.402508	15.425979	18.839767	30.331745	0
2	446	28.722566	18.482773	18.489779	34.304882	0
2	447	28.605209	24.382127	15.850134	31.16253	0
2	448	32.323728	20.441447	16.200403	31.034422	0
2	449	30.74767	18.986056	20.334945	29.931329	0
2	450	32.968958	25.092846	14.69939	27.238806	0
2	451	29.96689	19.744933	21.49852	28.789657	0
2	452	22.934478	23.07288	21.070427	32.922214	0
2	453	35.531687	13.94705	14.344787	36.176476	0
2	454	32.018435	18.843754	18.9857	30.15211	0
2	455	34.106163	15.547728	15.877188	34.46892	0
2	456	26.695992	20.178406	23.802597	29.323005	0
2	457	36.056294	13.75092	19.793894	30.398892	0
2	458	32.854864	17.978513	21.830801	27.335822	0
2	459	28.37781	22.125399	19.945997	29.550794	0
2	460	29.891466	17.049778	20.425017	32.633738	0
2	461	23.674428	20.500771	15.175691	40.649109	0
2	462	29.116765	14.482106	18.923705	37.477424	0
2	463	32.313951	18.341867	19.294031	30.050151	0
2	464	28.295104	14.02392	21.347152	36.333824	0
2	465	23.167716	23.476385	15.540434	37.815465	0
2	466	27.812675	25.603593	20.229155	26.354576	0
2	467	27.508204	17.424495	17.824614	37.242686	0
2	468	34.269614	15.608377	18.798167	31.323842	0
2	469	29.767213	18.157719	21.710965	30.364102	0
2	470	30.141676	12.710451	19.084988	38.062885	0
2	471	28.760029	18.214217	21.641123	31.384632	0
2	472	30.400351	17.302897	20.976295	31.320457	0
2	473	30.582533	18.167928	19.878471	31.371068	0
2	474	27.639806	18.98623	22.01946	31.354503	0
2	475	32.727911	18.074829	18.650975	30.546285	0
2	476	29.978568	17.525121	23.020167	29.476144	0
2	477	33.446355	18.636356	18.759333	29.157956	0
2	478	35.369368	15.843115	20.078021	28.709496	0
2	479	32.994754	17.457663	23.937612	25.609971	0
2	480	30.577712	16.230874	25.103446	28.087969	0
2	481	33.953791	21.102032	17.227838	27.716339	0
2	482	26.416091	27.479921	17.706425	28.397562	0
2	483	30.331219	25.385835	15.144468	29.138478	0
2	484	30.789432	23.150678	12.427516	33.632374	0
2	485	33.43621	19.681845	15.03827	31.843674	0
2	486	28.48242	21.071025	19.397769	31.048786	0
2	487	26.144795	17.899795	17.078298	38.877111	0
2	488	28.42865	18.904672	20.215457	32.451221	0
2	489	29.518648	23.55931	20.651365	26.270676	0
2	490	28.165892	14.738111	18.09816	38.997837	0
2	491	26.378135	19.491014	22.705477	31.425375	0
2	492	24.924326	15.42324	20.916278	38.736156	0
2	493	24.967807	18.139219	25.084061	31.808914	0
2	494	27.235619	18.677959	23.315531	30.770891	0
2	495	26.648421	13.145685	18.633777	41.572117	0
2	496	24.244435	20.919947	21.588899	33.24672	0
2	497	33.142032	15.176579	16.605713	35.075677	0
2	498	25.357662	18.688318	19.193252	36.760768	0
2	499	28.088004	16.416873	23.718486	31.776637	0
2	500	32.164031	16.497425	21.039243	30.2993	0
2	501	29.8281	18.066295	19.787534	32.318071	0
2	502	27.181538	21.124972	26.257817	25.435673	0


